900
590
743
388
152
52
119
335
594
669
57
841
886
349
334
174
462
800
646
823
183
241
281
806
767
131
974
223
21
356
474
233
106
534
132
228
686
79
376
268
973
114
59
830
739
111
470
403
525
432
158
675
394
805
115
619
105
739
14
217
836
615
200
519
429
313
440
70
23
782
893
956
696
429
541
48
573
119
396
893
414
960
864
245
683
746
740
64
791
852
747
964
603
910
735
879
517
295
731
522
123
674
29
351
658
398
631
607
4
21
407
428
857
167
5
806
748
647
653
644
112
54
557
320
364
182
432
31
948
217
723
217
258
179
344
814
381
564
506
873
192
522
71
200
45
974
12
884
667
309
549
806
357
458
714
163
933
826
74
873
993
415
490
577
243
472
439
343
79
144
996
239
144
702
157
274
332
597
365
800
993
516
860
640
438
544
612
166
975
911
717
940
619
752
224
819
672
642
113
347
665
650
287
121
646
160
240
120
764
851
200
595
894
963
826
105
731
623
459
489
394
264
618
104
419
229
235
112
983
64
974
874
443
656
451
959
24
944
328
851
550
152
6
403
313
866
584
337
540
71
421
84
477
923
840
484
985
677
957
486
393
491
526
149
948
877
143
450
687
784
702
756
594
981
390
850
508
354
613
112
793
634
948
928
985
840
647
538
533
225
405
159
966
194
618
498
342
551
907
848
586
157
377
225
959
650
80
815
45
539
290
614
953
350
375
19
295
952
272
361
743
137
252
210
5
894
761
427
15
823
407
899
219
458
105
364
175
838
925
969
37
980
798
899
805
395
463
383
557
947
754
225
454
972
289
671
432
759
508
78
520
596
428
137
928
365
911
611
392
522
892
10
140
990
289
431
133
10
19
530
235
656
333
579
435
426
892
133
405
404
610
237
801
678
337
124
299
934
17
816
763
45
533
425
321
25
419
618
113
730
507
70
107
432
985
437
150
957
325
678
469
198
859
631
802
175
158
442
530
742
922
538
64
816
825
422
398
292
813
436
153
765
975
330
259
538
959
296
223
690
741
713
640
956
15
324
323
789
35
701
61
45
87
137
767
611
559
537
425
983
366
574
516
312
360
429
789
991
702
756
742
516
107
134
318
175
575
555
395
56
929
996
950
314
250
452
40
733
415
562
539
435
942
590
931
709
253
745
639
719
471
58
186
688
48
861
142
334
770
742
979
113
224
751
28
6
114
429
210
391
194
545
188
736
910
453
591
660
526
677
298
169
184
384
964
833
538
71
834
130
104
636
195
392
886
878
438
24
119
187
534
88
815
326
132
957
373
4
77
860
244
185
565
469
803
24
716
869
443
34
424
474
818
933
323
692
5
81
869
185
978
718
732
161
318
770
906
851
939
25
136
446
286
717
786
196
24
672
706
548
211
207
489
727
351
737
642
413
324
320
321
361
138
423
380
545
327
763
128
617
953
174
975
314
956
513
615
142
45
202
126
223
176
606
916
697
951
257
522
253
404
115
337
567
247
108
590
777
123
682
956
440
494
746
497
727
375
69
253
850
268
357
168
846
28
808
139
175
298
643
329
41
923
706
543
267
762
454
793
688
337
232
95
951
146
212
999
781
550
906
212
9
133
520
111
432
111
339
900
402
345
152
824
372
988
893
337
214
338
853
422
479
954
371
329
767
229
150
705
406
609
334
548
595
278
21
468
830
583
825
25
833
779
984
231
508
748
732
968
536
135
498
837
182
612
549
985
952
32
79
303
895
33
690
396
959
617
523
447
255
262
840
576
909
561
444
934
241
13
304
924
880
282
827
22
660
537
772
937
17
650
159
872
307
189
798
438
741
566
634
112
220
547
58
233
981
82
778
476
964
942
247
541
807
178
618
729
842
841
842
367
691
76
422
190
367
797
811
128
494
739
834
62
605
495
102
454
386
774
108
98
437
815
691
467
396
727
53
29
791
986
510
772
917
645
76
495
334
697
599
539
986
258
779
219
353
977
692
5
444
37
424
736
947
801
18
357
640
33
726
532
868
790
624
960
624
125
201
652
62
850
828
215
968
282
765
501
8
57
499
968
386
544
432
486
151
651
174
252
747
473
635
468
264
725
288
746
651
20
53
221
7
335
721
315
641
636
961
757
180
79
293
965
965
166
707
140
304
773
357
896
908
158
654
230
308
613
325
796
591
107
297
457
458
585
221
313
420
182
709
459
610
812
25
165
844
47
929
650
727
392
793
185
531
705
830
209
88
632
657
84
716
897
931
546
535
919
66
687
170
291
994
78
573
143
511
815
672
68
721
663
571
619
265
487
938
929
83
887
827
846
460
131
281
870
668
62
421
777
783
998
971
296
209
480
938
545
287
941
312
844
117
988
357
222
509
785
966
918
509
278
349
901
628
465
758
547
93
582
437
415
388
118
118
271
616
455
716
376
449
413
309
495
788
897
901
553
821
841
370
32
844
488
775
871
154
230
301
647
196
306
198
50
457
462
355
791
657
492
673
350
46
112
959
110
510
286
618
549
57
725
652
64
696
83
825
411
518
113
811
626
611
362
153
409
822
992
179
936
410
239
713
67
988
998
469
48
3
51
525
337
793
53
764
845
849
559
50
762
224
580
107
749
609
341
350
412
339
746
230
755
597
272
573
477
908
575
335
637
628
943
701
94
629
523
571
407
495
878
371
586
33
173
755
175
637
997
204
332
888
541
435
799
344
398
53
422
231
658
430
478
151
483
595
651
493
838
993
823
698
854
4
134
31
749
771
640
785
8
891
792
373
273
99
356
189
283
784
326
867
377
378
370
981
511
950
192
33
317
325
132
163
73
996
539
28
172
388
312
244
983
260
768
954
150
814
987
539
53
535
499
826
402
250
153
398
403
879
789
922
521
615
110
536
205
531
291
622
921
518
400
918
993
687
660
352
388
83
451
210
533
601
375
298
950
871
867
859
391
558
99
158
626
129
270
338
155
322
997
207
486
824
79
351
968
147
685
541
50
394
12
426
707
415
737
573
317
977
57
226
938
762
433
694
584
808
626
730
290
449
385
893
433
419
262
423
602
449
179
755
745
684
206
819
486
937
490
194
574
519
538
237
365
331
687
43
890
583
469
510
68
591
304
890
875
94
364
726
449
1
132
784
393
105
2
893
712
494
193
192
875
433
327
34
529
242
878
507
354
828
516
656
943
957
953
125
236
930
305
492
291
274
122
142
922
792
943
792
919
782
454
161
682
872
711
939
603
999
909
112
862
903
529
551
300
427
652
318
483
614
205
825
536
876
844
667
875
794
238
372
804
27
305
716
700
132
178
607
534
241
36
977
311
617
235
682
147
872
378
213
898
123
225
5
362
176
114
457
342
910
366
58
759
586
363
961
785
332
24
406
889
137
636
173
445
458
867
483
492
68
922
810
303
880
724
953
263
446
869
863
417
621
311
216
335
350
131
560
265
433
746
575
931
991
204
334
784
433
391
721
966
856
196
669
603
991
102
459
505
253
164
261
45
159
793
623
318
341
465
201
83
218
575
996
853
170
356
115
159
463
513
644
667
908
537
838
246
541
960
492
742
998
176
354
482
667
269
928
578
647
110
60
425
80
15
956
311
642
61
428
715
451
209
604
849
727
95
389
456
604
169
197
559
216
431
32
992
809
162
417
756
725
393
874
89
699
539
151
817
440
173
977
676
750
886
825
465
186
377
722
536
396
569
284
467
972
347
278
686
394
704
556
116
790
67
633
652
666
354
149
883
964
903
490
738
695
528
243
395
684
76
190
872
652
505
947
444
929
924
564
221
214
560
216
386
500
162
354
1
93
940
695
180
141
576
951
749
71
783
898
678
758
402
703
854
789
56
481
88
889
816
155
798
580
665
604
685
500
904
846
570
470
745
403
773
572
642
368
796
110
340
470
52
775
290
431
955
975
574
590
232
641
33
569
694
181
923
410
367
576
868
403
333
802
490
66
726
616
668
309
49
259
853
584
179
400
956
332
191
289
843
385
100
419
935
119
432
689
743
657
174
344
983
115
883
316
326
116
191
2
342
63
218
951
253
734
652
665
41
392
889
795
688
852
612
215
768
605
683
527
804
313
779
484
296
92
284
145
214
394
88
58
937
708
328
297
897
290
991
969
0
617
923
775
668
918
616
620
134
156
590
799
986
450
549
42
207
240
216
716
313
74
728
639
148
885
483
394
723
562
412
705
714
505
243
954
80
847
887
595
520
386
146
58
674
548
14
133
773
949
367
59
55
582
353
274
255
723
26
17
330
504
754
704
877
111
578
510
955
615
898
163
767
937
119
840
755
31
164
699
400
173
272
262
840
908
361
250
891
604
919
463
359
938
626
559
843
746
736
371
829
70
281
413
66
471
125
128
85
427
153
285
83
351
13
94
573
990
385
223
575
474
896
172
417
98
260
229
316
284
532
913
974
933
596
569
497
678
788
123
792
672
291
266
235
715
444
235
661
867
448
451
715
300
238
335
384
391
48
275
350
548
168
423
399
98
331
150
28
805
811
240
741
110
587
850
858
521
270
652
945
291
504
252
536
537
841
592
340
96
614
321
891
226
314
477
615
638
437
277
444
51
443
112
763
190
512
847
303
281
202
226
607
117
431
778
917
203
304
32
406
135
742
822
2
190
491
796
870
961
491
669
184
714
12
51
963
838
396
127
810
67
34
52
729
611
574
550
90
569
381
495
133
603
375
66
100
640
531
852
917
420
301
343
40
809
622
352
411
320
565
162
508
207
636
211
431
676
437
616
176
931
62
733
650
468
154
479
952
801
42
564
475
237
835
682
925
144
921
295
685
74
508
257
340
517
121
463
335
624
684
927
878
841
188
480
979
874
415
242
750
383
711
837
0
814
221
903
102
319
404
305
97
646
337
779
674
142
985
319
267
175
675
963
788
179
607
459
954
837
886
678
502
659
4
718
757
190
282
53
491
190
577
94
229
58
932
2
695
712
196
204
90
922
697
342
618
545
15
300
375
781
991
936
337
157
231
544
673
508
540
781
597
101
790
285
867
904
796
955
242
420
337
293
101
863
735
973
433
331
651
619
312
539
617
3
38
662
713
563
948
394
905
31
811
260
172
719
299
719
130
40
507
411
538
442
403
943
933
139
416
722
532
18
271
349
277
693
206
284
617
6
287
807
522
882
109
292
162
220
315
911
63
489
35
691
701
493
300
674
363
414
639
620
523
774
564
788
947
886
328
857
121
553
896
115
159
711
124
683
514
59
213
831
649
134
257
222
811
732
601
281
25
742
527
258
262
385
701
681
763
832
548
4
247
869
418
862
47
493
839
642
522
956
488
169
640
870
725
291
164
663
848
90
382
900
87
125
701
563
700
650
325
376
58
372
797
298
530
464
580
573
822
938
796
848
909
556
414
193
576
905
831
7
91
375
524
496
520
963
106
468
312
33
624
897
475
403
881
167
418
977
612
54
833
57
485
655
979
497
345
664
368
634
966
932
346
278
769
201
840
78
283
779
794
36
350
904
998
256
692
253
233
401
392
713
449
49
56
976
706
670
971
979
480
69
495
53
436
817
598
592
417
260
585
784
905
277
117
976
947
419
661
779
95
840
864
854
597
521
284
396
66
628
218
129
405
290
195
738
81
487
882
236
43
95
213
828
605
779
702
287
299
868
606
722
165
574
899
380
94
264
488
946
308
99
478
939
65
937
618
805
809
584
495
606
556
422
372
399
126
670
112
77
77
907
349
738
570
988
299
563
411
168
302
875
647
915
73
832
659
674
860
747
885
115
699
469
990
640
585
504
205
558
981
955
497
24
27
698
942
176
790
437
68
608
668
646
36
853
17
65
347
653
328
815
772
962
919
730
192
871
450
64
545
850
403
593
823
571
320
923
882
339
797
703
241
520
538
173
698
559
952
493
570
354
279
935
742
180
43
589
131
330
113
214
354
436
636
494
976
852
988
484
29
854
136
596
227
560
250
581
825
91
980
269
191
209
210
19
268
929
119
309
662
417
28
843
809
307
630
995
763
499
334
134
687
199
87
714
441
712
611
448
113
911
670
449
426
747
463
660
557
313
891
59
993
628
660
750
357
632
265
799
809
633
976
72
737
568
857
721
115
680
44
870
995
125
445
848
612
982
158
202
321
309
30
534
452
947
88
488
950
681
815
675
625
164
304
483
490
256
583
650
674
496
750
550
406
708
731
650
436
187
497
668
544
299
601
799
488
382
402
289
973
671
550
454
611
261
791
766
530
199
793
61
357
680
241
17
250
579
574
177
474
427
222
67
643
308
668
749
436
502
536
832
385
690
600
105
519
885
452
770
178
276
15
649
292
8
341
174
936
532
255
738
655
324
622
318
74
536
151
577
449
361
203
86
810
3
323
660
686
18
385
791
256
473
633
943
727
353
417
910
142
998
678
784
26
456
297
630
259
520
202
611
333
272
427
626
145
744
240
446
639
902
460
108
559
949
263
534
495
769
383
97
751
353
979
129
523
726
695
354
128
506
364
10
250
876
776
317
557
459
566
928
186
800
95
218
380
504
680
615
852
409
229
54
144
309
918
349
898
293
968
595
112
384
415
998
248
531
898
934
182
330
911
401
328
767
552
64
753
578
589
209
868
146
724
318
211
754
254
693
328
575
419
905
843
144
985
864
725
159
448
6
357
951
345
994
648
885
104
271
981
19
390
941
505
411
484
336
807
752
604
401
340
547
130
515
994
724
707
568
435
702
699
509
224
320
101
130
82
721
870
982
800
84
875
731
842
659
900
613
61
240
584
616
47
441
187
178
204
931
605
293
18
594
699
98
665
311
107
138
455
171
980
22
755
899
300
634
311
836
142
260
68
24
666
315
216
745
62
557
618
749
398
664
0
58
40
413
992
739
451
106
710
851
176
431
589
1
616
2
1
677
992
678
196
857
322
537
967
971
469
301
578
33
199
65
959
878
858
847
324
988
684
793
911
937
443
696
550
102
632
556
815
477
243
946
13
132
647
155
540
959
199
273
238
49
353
479
894
789
136
168
981
922
520
719
707
93
381
521
391
787
925
80
314
486
999
361
128
879
203
872
296
269
355
786
950
700
362
26
926
625
635
663
323
277
61
542
401
311
62
595
831
510
460
958
640
279
211
899
348
4
708
529
178
717
586
599
336
66
890
355
526
169
427
837
143
661
412
211
417
72
709
286
862
441
600
636
595
688
73
823
985
353
579
262
554
215
84
457
454
99
299
482
750
301
896
874
504
858
301
49
227
110
788
714
677
851
936
933
795
337
623
774
856
416
927
270
377
628
889
320
167
392
643
486
847
621
434
405
974
60
151
438
32
722
73
141
275
187
219
959
46
570
678
143
512
783
722
121
718
146
280
595
308
711
372
48
343
522
817
582
858
331
852
130
543
693
421
354
552
3
898
963
438
828
902
539
9
760
698
985
769
451
387
139
444
465
164
447
960
186
60
238
427
376
146
174
665
133
463
583
517
26
813
720
251
269
199
17
372
754
216
323
843
245
880
791
647
702
555
260
2
286
260
885
225
609
546
986
116
108
681
740
304
160
36
142
811
78
856
850
128
349
100
970
603
26
744
840
958
879
851
431
124
518
825
786
765
247
420
277
274
776
793
259
860
181
262
207
640
768
635
758
541
233
566
588
601
544
275
789
687
90
211
735
638
907
939
654
830
755
600
895
99
251
137
713
862
737
421
488
73
801
678
444
148
806
294
137
741
113
776
591
885
841
490
781
440
427
865
649
404
163
613
754
206
740
55
433
960
652
63
860
335
203
602
61
915
572
123
482
816
996
169
950
333
506
777
240
547
616
181
681
279
449
612
828
795
403
972
960
73
926
973
561
233
788
407
976
621
443
590
15
201
321
148
481
553
407
16
920
630
800
237
809
144
996
214
461
186
959
391
521
89
895
95
431
999
862
100
6
7
739
391
495
161
168
186
17
800
735
615
927
177
797
466
375
30
291
496
62
587
690
290
90
169
839
532
375
681
751
235
182
787
653
150
747
847
409
371
141
602
554
677
195
564
214
844
636
402
0
165
406
559
827
795
787
904
447
854
897
984
345
978
753
176
551
955
962
227
708
567
118
456
639
699
28
288
915
122
295
226
194
620
566
14
162
275
789
462
741
787
796
195
19
738
950
430
210
285
629
925
985
413
659
361
872
410
795
965
556
438
809
209
49
188
214
518
512
178
880
676
226
988
9
722
941
3
918
470
279
317
835
918
184
630
229
53
772
392
464
329
816
630
81
556
221
662
621
993
947
264
899
417
743
41
767
630
535
573
785
255
44
924
37
69
41
19
203
773
35
229
66
470
633
923
464
213
166
226
124
942
100
300
831
525
538
226
439
566
17
791
894
482
739
599
987
826
780
385
711
960
997
131
233
827
966
317
525
627
52
224
658
526
91
672
875
113
805
750
921
530
627
314
806
581
931
841
268
526
954
619
558
862
635
304
199
33
336
588
817
982
455
0
760
24
833
538
752
260
303
215
244
947
93
342
528
722
899
537
600
856
65
920
306
160
331
46
489
230
749
127
804
431
287
521
30
300
492
603
558
782
40
451
504
288
471
387
285
344
261
502
233
160
715
31
427
572
878
419
2
757
238
336
701
397
173
684
131
874
262
650
444
768
591
451
95
449
538
273
516
856
112
481
780
599
454
241
376
21
940
344
464
299
627
693
173
808
839
849
863
83
893
241
170
504
942
366
78
911
396
600
110
633
348
914
692
988
932
150
594
696
358
740
435
666
997
687
99
24
191
304
859
454
395
14
785
553
788
814
47
273
638
815
403
859
345
169
479
727
515
670
433
527
74
385
76
481
450
190
576
982
771
961
279
795
494
155
17
976
393
801
426
23
113
143
250
151
815
541
557
104
365
257
996
177
746
285
843
328
883
313
379
514
765
963
418
339
16
158
41
39
197
801
239
1
995
352
652
628
182
720
567
296
665
446
67
47
132
609
559
72
449
481
269
794
531
152
405
437
40
64
554
277
584
444
109
168
182
58
128
682
974
392
357
294
623
550
183
807
402
221
649
0
323
199
989
664
535
222
199
25
134
224
395
730
275
58
492
835
128
885
575
905
127
638
998
515
703
194
792
99
131
145
832
984
472
513
196
3
184
638
593
928
426
536
389
407
164
365
141
203
547
304
712
930
217
698
235
422
696
311
325
531
767
100
197
17
122
784
530
892
989
720
211
89
68
206
344
283
788
315
712
359
174
796
868
356
997
508
107
671
349
616
431
517
701
968
895
514
520
147
614
681
640
251
508
804
700
755
979
910
859
254
620
439
537
921
658
984
89
699
255
734
963
436
973
907
431
555
679
403
170
820
753
460
0
944
309
258
522
247
767
737
426
452
186
3
652
783
843
188
759
832
614
972
867
338
264
53
860
134
133
572
904
329
698
53
269
208
965
217
990
58
395
251
15
414
25
964
95
334
703
546
981
859
25
96
413
739
832
577
836
137
672
494
274
979
722
554
823
73
733
108
584
875
464
444
492
499
354
121
698
765
197
834
533
964
624
706
209
831
652
841
775
923
313
224
392
154
241
493
214
571
396
704
577
395
93
45
128
301
221
90
549
118
502
402
669
723
610
523
656
886
916
637
806
14
135
11
858
782
190
438
331
360
875
135
495
699
315
981
138
570
505
144
296
975
241
268
519
408
320
850
176
951
801
331
695
624
587
150
64
102
649
459
540
558
617
416
123
337
913
220
76
219
918
674
843
697
23
256
850
218
385
879
218
924
931
493
315
434
644
825
194
131
987
62
546
447
975
915
806
477
352
699
669
160
541
656
350
259
671
388
70
514
574
923
719
939
378
194
250
516
187
108
152
734
716
559
461
1
61
889
374
65
312
625
821
625
750
490
538
647
690
194
762
120
414
412
174
749
660
707
189
101
623
424
939
548
331
692
574
125
658
177
989
123
456
406
772
150
520
625
381
155
568
706
152
20
338
133
102
882
820
878
226
655
266
316
273
528
81
15
275
114
543
508
762
685
129
722
474
590
428
933
344
624
472
154
335
125
73
755
49
177
40
222
867
264
185
912
668
937
357
511
670
498
163
496
901
629
658
990
983
34
114
868
988
742
91
580
352
45
948
536
46
20
24
520
254
17
590
533
890
582
304
437
429
963
495
575
565
379
820
593
531
34
584
8
591
205
24
455
113
546
891
387
685
105
621
62
941
858
753
778
269
816
746
784
706
126
114
601
476
137
838
955
990
230
377
584
459
789
856
524
171
325
893
573
581
441
967
103
119
963
545
439
619
839
26
280
988
763
965
244
145
718
457
701
104
262
163
876
687
813
850
33
486
774
779
708
608
348
341
171
620
667
671
125
782
859
633
925
939
114
519
834
572
409
797
726
562
697
447
357
163
910
23
201
426
212
740
67
661
154
776
995
683
468
899
99
157
164
806
920
631
346
154
282
549
883
265
895
922
496
564
546
494
25
302
977
232
889
265
967
660
802
983
342
726
324
132
441
400
585
465
736
7
21
3
157
892
588
413
806
153
83
147
620
618
107
904
587
86
211
209
922
318
245
427
948
500
356
802
655
655
500
284
814
421
161
108
610
441
748
315
101
96
42
731
641
958
495
421
454
278
51
261
27
601
516
484
286
701
380
710
830
626
131
613
632
632
719
37
681
525
666
720
619
301
653
381
491
962
996
964
810
502
673
405
730
502
188
281
563
433
139
488
942
41
943
20
336
809
807
261
763
566
959
831
937
122
587
296
938
870
33
326
320
632
573
528
136
37
920
395
27
905
3
599
781
652
783
290
878
222
232
781
366
941
788
830
902
158
518
205
868
946
575
514
151
411
102
47
932
247
607
849
359
499
874
340
333
467
973
655
944
88
964
197
124
355
623
885
98
113
204
972
827
943
366
753
743
991
846
745
926
962
296
651
510
776
977
374
165
518
447
330
424
263
201
708
789
230
480
309
78
562
174
524
639
707
462
482
737
395
83
703
814
272
740
491
168
864
536
662
429
861
150
979
477
476
0
578
232
552
689
934
665
27
580
390
318
271
998
358
44
593
718
904
645
751
307
39
525
372
702
764
934
113
642
484
536
629
881
440
445
327
120
271
419
899
269
161
466
996
887
717
312
424
119
861
819
841
909
183
742
778
253
71
607
376
723
170
696
268
828
222
4
589
959
816
868
746
19
262
802
264
890
878
925
368
349
453
158
165
2
492
250
436
963
575
960
12
273
584
861
343
448
987
910
857
700
747
45
240
300
252
935
948
5
378
772
81
330
857
536
907
353
286
218
640
233
566
930
707
483
252
672
912
814
560
210
211
383
221
21
765
977
452
56
249
848
200
708
91
516
385
480
42
43
332
12
792
927
1
500
871
626
614
735
741
159
205
144
987
130
385
532
506
378
86
245
854
45
313
862
103
452
644
871
36
696
310
810
699
301
67
310
703
446
631
397
472
641
177
769
81
68
525
587
661
758
441
702
706
298
596
329
691
914
611
475
144
480
190
988
113
610
618
121
962
839
175
271
616
884
100
260
109
404
449
465
999
535
870
980
311
857
682
477
840
837
93
646
878
643
617
656
121
968
806
812
362
173
101
711
861
906
967
449
479
427
646
415
464
819
92
518
428
48
418
874
175
87
427
392
78
977
922
200
757
949
384
847
710
431
482
804
71
417
298
984
391
665
588
419
873
883
892
108
841
976
333
361
494
222
620
304
769
585
183
740
156
58
936
347
534
142
69
606
678
58
516
402
301
30
194
967
752
463
885
895
358
288
939
513
471
731
977
94
837
580
928
362
166
959
877
15
922
842
135
214
362
165
806
126
689
441
833
514
199
687
288
678
579
482
195
410
416
494
866
898
891
458
134
660
971
779
223
211
450
915
96
923
603
698
255
933
59
363
856
557
21
378
916
841
824
828
278
333
587
855
790
365
795
955
993
498
932
808
56
111
486
57
351
533
361
849
480
182
708
341
64
791
129
57
882
657
277
143
347
369
343
853
782
870
510
654
448
706
47
260
285
316
190
740
52
117
932
505
232
657
186
229
473
416
381
405
666
749
538
91
707
38
451
922
9
69
714
149
588
318
493
280
961
9
978
515
496
714
325
411
328
726
303
891
314
137
736
259
579
861
71
344
949
133
89
188
704
274
113
878
252
941
550
708
426
726
755
943
499
332
882
311
648
646
425
809
267
625
562
694
766
626
61
653
346
181
840
708
930
918
433
58
729
616
443
776
88
428
519
200
556
20
124
109
207
256
410
237
229
824
171
173
434
27
482
548
618
446
392
233
352
553
964
985
522
886
498
715
492
122
991
238
844
25
748
101
550
284
673
209
312
878
443
87
160
632
336
171
700
697
145
909
697
81
713
498
352
799
221
846
478
473
684
552
826
99
784
815
124
579
885
371
75
740
738
293
119
433
645
907
512
205
603
342
62
528
15
983
387
907
522
257
253
263
132
720
879
34
210
938
138
108
744
611
295
793
752
39
248
775
691
220
656
442
678
70
839
37
160
134
10
195
419
892
858
630
129
324
595
519
409
319
703
191
433
435
500
926
125
501
155
817
312
885
945
152
690
19
787
640
299
192
589
222
639
927
628
598
258
333
13
585
868
270
228
269
232
586
593
297
601
87
743
680
70
224
950
816
600
349
267
418
536
245
638
980
246
698
36
773
894
187
157
697
253
495
953
901
909
191
766
36
101
60
980
763
852
867
381
417
238
614
166
410
535
621
723
734
247
468
849
653
135
941
269
54
867
929
717
303
720
851
124
239
951
686
740
122
34
759
238
676
149
61
741
473
448
495
788
715
524
430
204
621
636
661
34
896
190
902
960
972
249
14
523
808
120
851
652
933
551
620
898
279
982
865
615
581
987
356
298
659
364
704
69
878
77
489
823
895
806
900
956
595
568
208
498
81
449
139
719
493
61
481
257
956
23
131
941
832
889
700
628
807
695
106
707
279
162
882
290
532
475
644
270
212
541
200
802
434
953
600
307
681
779
224
658
867
506
891
239
674
376
639
907
134
621
611
287
800
83
72
467
486
597
477
609
215
57
607
170
673
55
905
312
801
178
735
894
210
998
105
628
209
233
525
711
584
119
661
504
1
128
139
907
405
980
745
970
117
26
590
251
648
53
957
767
974
288
447
740
923
778
428
525
895
733
558
831
374
803
550
655
331
769
170
610
514
73
647
492
549
850
387
212
942
650
53
0
207
630
408
653
910
232
909
713
772
706
481
972
455
234
343
403
125
806
335
255
932
730
614
69
264
23
478
134
876
957
417
938
860
980
674
72
577
151
829
41
302
242
351
893
515
308
728
941
304
832
112
506
355
680
239
269
364
227
729
81
505
960
737
109
949
442
845
422
838
735
858
724
767
451
768
963
978
98
857
596
906
157
758
781
144
828
274
958
612
236
242
332
621
818
860
107
307
609
368
271
108
592
596
275
334
471
644
837
541
618
505
761
93
887
608
869
234
948
934
293
581
316
971
616
288
331
564
890
422
95
468
938
236
434
341
805
292
461
667
852
99
454
449
428
681
684
544
85
457
762
597
341
273
754
642
644
307
707
551
714
900
310
681
727
877
685
83
796
48
836
140
560
821
900
89
652
532
166
988
187
989
92
333
227
735
397
295
41
677
26
222
204
167
148
87
856
887
873
207
253
362
574
608
192
609
358
289
90
936
811
214
919
671
940
375
378
207
815
52
182
671
545
369
47
70
67
77
522
394
166
26
322
114
906
695
269
105
171
841
229
533
285
500
170
614
177
883
120
978
367
808
660
831
390
247
533
41
546
125
912
263
444
81
211
841
320
105
686
685
19
929
158
545
579
438
348
667
850
481
309
758
973
2
747
135
866
42
779
401
552
709
120
557
388
543
959
894
96
550
92
996
61
968
29
622
940
934
308
948
881
416
402
78
273
923
466
367
918
96
971
589
615
390
994
149
924
42
207
746
538
590
350
886
27
767
593
995
410
971
123
12
365
938
991
887
467
867
985
973
360
218
429
862
518
40
831
110
550
140
659
523
974
560
5
243
588
830
434
249
516
308
544
216
38
917
427
955
244
978
762
979
953
840
769
666
301
75
607
16
472
19
386
939
756
877
120
388
824
589
201
623
346
250
76
122
508
154
431
705
618
175
394
73
330
394
437
267
564
222
817
947
772
632
524
594
725
965
904
447
919
636
446
941
476
413
902
25
559
681
90
378
326
923
4
749
994
935
20
817
931
986
638
184
400
554
42
670
47
96
549
751
234
794
712
683
42
260
191
261
616
153
253
405
897
535
390
473
928
449
860
586
746
720
693
814
486
59
276
777
148
85
998
129
303
512
448
378
668
497
791
599
509
924
207
266
881
97
568
676
918
150
205
432
681
318
823
589
565
577
89
339
706
62
340
151
231
934
165
513
539
442
301
614
479
40
465
97
623
473
235
295
459
647
601
867
665
684
619
838
813
5
482
898
426
929
414
888
370
132
976
857
325
888
770
546
102
478
211
155
724
913
607
537
919
475
189
753
648
108
818
551
46
631
286
656
805
439
509
149
641
642
289
369
259
779
157
443
435
374
924
511
39
135
579
578
610
100
948
76
607
348
908
531
487
207
630
628
362
352
897
477
138
391
647
57
62
299
711
322
636
560
685
429
983
709
495
98
644
448
683
939
775
781
360
775
234
645
778
255
872
275
761
152
903
236
658
585
244
712
591
703
275
795
637
222
462
513
685
978
149
73
573
799
174
327
790
789
327
784
57
560
137
826
37
494
774
498
996
506
343
825
942
304
559
1
293
625
939
203
923
905
821
757
88
999
622
682
568
580
908
161
627
151
516
467
878
488
841
118
698
419
149
759
588
655
103
560
228
958
598
749
969
0
532
444
532
235
654
622
43
357
298
472
481
828
321
207
116
693
295
275
639
116
16
178
336
715
165
249
851
662
487
198
496
189
562
240
346
323
133
466
482
135
225
877
211
976
960
830
798
333
200
304
521
973
783
58
978
716
176
307
170
296
70
373
927
66
296
711
498
200
413
847
131
130
522
392
472
794
329
967
957
673
563
468
112
719
313
687
219
627
672
136
792
540
907
643
136
263
828
819
323
921
637
941
454
294
731
568
57
443
348
28
72
480
266
960
549
738
32
896
747
919
364
62
621
963
46
992
208
914
127
754
990
662
973
4
132
84
965
279
286
129
729
963
840
954
364
668
31
228
851
830
466
801
374
110
163
716
95
876
449
125
266
333
498
184
845
68
757
227
49
163
78
950
672
341
637
104
17
640
360
47
474
178
494
447
926
464
55
71
382
134
611
736
796
67
448
438
469
708
208
883
445
485
721
890
938
202
590
137
329
852
165
170
861
937
634
307
954
772
932
420
332
847
893
321
836
934
504
656
317
118
278
21
259
972
800
515
541
434
275
533
277
975
912
158
996
422
436
565
499
306
96
44
551
176
248
498
988
300
161
727
885
728
206
272
466
514
267
515
522
5
717
973
243
610
665
457
655
488
132
139
241
569
379
342
512
358
540
850
419
230
51
426
229
51
985
844
986
925
137
466
946
122
156
176
252
517
784
174
639
534
940
455
804
458
750
531
640
644
152
162
8
948
567
881
893
142
54
146
610
950
27
62
899
610
583
62
736
920
532
690
2
809
753
905
685
334
473
249
149
361
612
257
741
374
237
805
446
907
534
553
772
797
616
585
263
69
367
591
536
435
933
815
593
801
221
151
250
946
643
954
585
916
969
695
777
124
420
333
478
488
65
481
847
66
185
970
405
875
932
924
594
373
148
476
749
846
904
827
813
513
724
294
675
958
951
772
148
205
309
417
375
879
430
83
779
53
382
506
484
788
77
956
800
744
169
953
132
359
114
68
324
410
14
195
242
984
733
289
830
858
928
897
775
614
933
941
760
213
614
64
686
39
354
392
912
946
51
647
360
230
610
747
841
708
103
11
600
567
476
245
903
179
364
502
344
773
560
986
550
467
193
940
218
477
300
599
636
612
451
77
911
729
600
471
130
872
487
678
84
526
324
681
856
496
609
311
304
518
740
39
86
127
264
782
312
958
131
217
11
229
856
883
451
905
45
888
833
598
423
554
54
523
564
371
351
65
648
989
833
15
660
966
710
201
499
55
224
418
510
158
21
55
587
290
739
582
49
310
461
742
302
281
430
768
772
293
157
69
137
623
434
818
182
366
407
161
473
646
234
337
854
535
753
968
331
945
255
200
235
858
470
551
349
459
84
779
901
231
219
853
27
117
634
181
386
343
570
334
59
564
878
274
490
963
241
777
305
80
270
438
908
851
420
507
852
966
984
853
959
631
887
689
335
799
683
512
801
202
461
49
961
399
484
567
267
562
156
986
861
47
850
825
355
881
815
248
698
876
586
901
329
287
386
81
444
46
692
693
707
54
522
27
250
865
404
94
177
189
810
259
414
551
546
201
545
277
263
575
608
76
371
309
916
119
117
389
571
657
957
219
63
444
831
681
830
562
247
584
963
203
387
492
981
183
470
414
429
566
316
520
901
575
841
843
303
621
583
436
532
784
334
361
45
186
110
590
902
440
411
541
353
396
248
204
873
424
990
392
176
853
630
970
730
803
525
513
291
259
999
744
438
164
472
704
279
834
486
25
34
341
321
780
221
904
927
380
307
337
499
374
634
136
269
583
543
243
976
172
663
464
919
759
769
956
273
608
371
676
726
185
625
688
426
431
956
760
297
628
258
338
643
914
634
993
242
101
923
28
536
223
116
941
838
554
838
904
898
49
145
502
8
199
908
794
660
628
633
803
942
324
607
499
863
338
993
199
891
501
518
648
39
841
98
129
892
969
21
104
299
10
338
842
915
123
714
90
289
892
538
74
783
700
761
245
159
287
438
267
737
455
577
710
875
817
504
972
321
931
293
541
221
789
205
727
903
941
940
360
63
983
175
884
682
451
265
119
716
249
914
212
477
258
180
174
926
184
215
846
77
138
999
87
894
992
684
390
836
564
82
509
760
740
33
281
145
435
959
785
580
183
884
554
141
440
702
425
863
822
254
704
984
140
10
196
344
772
692
102
754
602
699
96
947
549
743
281
314
970
50
492
521
435
957
782
707
919
424
126
150
387
702
697
506
954
335
446
849
361
63
871
33
589
487
729
216
872
227
173
975
769
811
911
330
123
725
654
790
80
153
901
971
615
14
946
747
524
510
300
251
998
381
905
761
454
671
440
647
718
314
212
87
239
113
298
358
144
763
133
413
699
834
655
605
17
399
609
755
489
974
806
645
541
214
989
131
589
611
846
112
871
822
926
714
718
893
262
447
242
559
984
474
16
707
483
54
955
281
584
915
883
232
437
614
84
504
34
277
314
195
450
811
194
247
812
631
468
687
298
228
936
122
641
276
431
843
297
341
795
531
967
321
432
315
944
304
108
254
297
440
876
445
876
360
865
605
869
720
682
630
790
589
828
372
575
299
271
683
129
51
986
470
892
174
561
696
40
650
797
606
232
37
452
220
333
7
834
287
833
500
248
690
706
977
292
444
994
127
793
498
436
254
287
401
697
315
854
70
251
76
718
457
33
354
146
670
916
184
902
741
409
667
982
132
135
562
785
227
611
752
717
625
954
815
468
844
758
295
823
574
459
30
985
150
628
625
222
851
377
419
645
792
108
557
324
356
285
839
307
521
569
110
155
999
609
854
679
1
649
233
675
103
968
752
716
709
216
417
408
812
749
193
183
552
874
147
481
593
250
25
634
877
356
241
915
389
915
284
545
54
220
963
547
922
896
738
648
912
732
9
359
41
23
848
948
276
156
819
286
604
480
662
157
527
589
594
964
162
503
807
306
403
286
420
736
127
21
276
757
749
83
787
125
785
239
914
451
205
905
366
268
820
774
15
45
920
227
255
967
983
357
81
210
129
168
483
999
413
935
679
403
892
674
542
216
893
94
477
749
562
577
452
344
434
820
908
243
720
662
489
284
884
350
856
353
296
689
370
723
773
884
745
417
462
419
474
73
348
635
419
906
20
596
150
205
774
427
190
773
806
23
665
667
264
241
142
606
183
873
8
291
334
6
835
249
98
966
423
64
127
30
874
370
930
123
938
857
231
986
963
971
275
477
861
332
516
607
201
154
287
552
197
942
521
484
334
121
122
697
405
948
646
800
236
597
397
589
706
846
29
313
357
719
671
160
727
886
471
910
555
493
783
991
377
917
589
695
112
570
531
502
540
487
80
119
456
586
205
163
444
802
762
273
522
207
984
176
389
171
490
504
819
663
64
493
628
848
699
830
371
676
79
468
356
295
741
750
974
418
657
212
858
590
547
921
172
172
961
670
81
185
764
93
561
16
273
795
975
527
3
201
29
830
966
260
325
221
471
570
790
717
665
912
987
2
411
361
969
662
256
217
906
553
86
731
141
215
235
439
776
978
324
544
800
506
608
204
255
273
11
349
624
419
967
639
815
757
903
354
675
37
278
202
447
666
847
132
711
934
222
171
104
384
478
876
187
182
867
135
131
386
636
438
292
4
904
274
965
200
946
779
769
433
882
208
858
774
273
823
679
227
489
7
136
555
723
636
950
187
826
690
111
194
983
845
562
263
879
432
167
212
522
868
523
833
605
323
466
355
881
221
477
391
508
161
454
833
72
384
873
625
547
407
693
487
295
163
530
302
434
233
860
991
751
206
769
231
502
371
775
50
329
397
329
33
432
891
51
650
912
33
764
144
6
629
83
986
338
871
780
767
329
766
356
505
515
31
291
697
542
681
161
659
337
239
715
611
397
653
560
136
689
846
455
239
933
668
595
107
16
569
688
851
77
390
607
348
827
938
433
384
676
316
872
214
224
523
372
355
987
405
20
418
219
975
802
183
269
109
715
194
834
674
887
826
870
433
206
806
305
868
99
683
305
308
869
603
607
146
362
274
768
149
110
943
615
925
453
561
873
967
805
750
56
561
567
739
115
495
687
865
93
655
913
604
813
498
214
713
238
587
471
224
759
548
920
696
125
87
544
498
118
298
400
745
617
886
641
719
669
377
691
899
471
482
523
929
495
389
380
58
932
751
273
373
190
75
641
749
292
973
235
437
295
895
676
537
982
962
582
207
139
150
266
748
782
885
137
755
936
525
479
380
569
125
370
129
973
401
945
174
261
680
15
129
674
285
681
183
982
988
885
649
46
391
869
182
738
825
452
722
95
187
32
815
166
317
152
283
6
702
840
666
7
191
90
869
511
500
175
435
514
980
69
341
893
875
362
128
812
77
722
782
221
389
733
197
35
55
501
636
934
658
742
155
339
842
693
266
207
772
718
204
74
611
144
125
401
650
715
441
148
538
693
199
705
886
616
517
319
420
88
532
784
918
475
959
432
393
617
240
218
374
886
564
757
903
445
152
506
268
838
442
417
758
667
780
692
931
656
462
299
379
376
163
97
401
271
95
991
885
908
487
607
313
55
585
187
771
28
349
55
482
285
843
428
339
670
646
773
518
236
649
783
20
551
265
636
996
2
507
88
781
104
15
727
566
545
428
894
940
508
725
185
83
247
820
516
841
52
461
525
374
78
390
946
784
892
581
71
93
180
66
162
666
836
447
609
612
316
253
467
564
759
832
943
296
556
172
386
102
655
969
436
500
381
157
28
230
631
705
594
590
958
574
181
707
920
112
502
667
737
379
797
378
444
301
826
919
219
701
341
388
110
922
745
326
449
581
638
270
560
539
310
583
662
757
483
960
35
954
102
219
814
520
673
6
484
6
849
418
350
597
982
546
73
687
141
862
458
760
680
240
263
532
307
207
261
272
233
601
583
229
88
725
196
386
418
425
821
969
173
529
4
213
277
313
688
873
759
12
296
716
193
525
813
907
888
333
596
703
434
159
987
969
588
608
940
314
486
730
192
919
709
490
877
364
793
776
195
936
488
255
955
402
514
164
304
738
38
268
450
98
916
281
231
517
948
332
740
336
861
137
821
968
818
279
769
564
627
911
786
644
128
271
835
162
810
550
393
103
260
657
478
128
111
271
251
763
957
330
470
180
665
215
725
236
308
839
193
179
10
46
213
773
462
244
744
803
618
962
224
699
203
46
978
699
284
482
847
209
394
769
873
965
79
187
478
155
506
155
531
347
7
862
484
715
490
95
130
831
537
32
734
462
267
18
653
105
763
457
772
64
944
89
101
277
121
861
609
468
349
410
40
58
977
694
167
101
661
247
81
140
0
744
113
944
299
662
614
571
243
20
336
919
354
931
177
626
175
398
975
0
596
292
152
537
417
463
783
644
639
92
94
323
807
971
579
937
363
33
615
784
484
955
876
144
206
206
71
685
153
381
454
583
384
226
708
399
118
975
946
904
303
526
839
668
53
704
907
848
972
923
47
594
80
95
217
649
908
794
854
53
101
978
648
129
601
906
186
726
9
392
761
449
750
950
326
622
435
287
592
94
390
628
710
7
757
928
741
195
477
848
310
564
134
941
484
94
814
230
940
756
546
226
125
390
755
499
273
795
248
185
460
171
24
949
580
265
3
524
90
782
985
255
23
136
962
447
146
245
111
366
496
658
784
411
420
921
79
46
506
257
853
749
54
119
35
653
201
230
443
613
462
26
647
871
594
691
362
255
841
431
725
985
24
528
916
701
592
544
466
966
255
777
977
683
478
58
566
781
366
462
764
274
11
551
432
824
653
75
709
782
803
740
872
191
99
158
661
968
840
540
571
371
930
979
877
44
860
115
674
572
433
987
255
939
215
828
219
211
81
296
211
723
519
108
519
896
705
499
340
738
387
37
35
341
42
255
713
775
816
268
631
306
475
219
804
161
812
338
409
631
326
756
446
502
269
551
11
981
161
201
873
357
251
170
481
997
47
853
940
172
522
267
228
463
901
736
594
379
329
642
82
189
549
622
748
591
125
324
747
293
37
70
243
592
703
389
213
658
505
252
846
420
410
945
634
796
61
112
410
154
550
377
765
187
12
917
125
583
880
301
272
720
700
147
570
260
271
988
985
917
920
325
89
54
704
141
536
24
948
548
403
860
283
426
970
971
925
130
114
725
652
128
346
351
230
560
735
600
811
504
67
332
668
176
386
730
116
81
303
907
195
939
22
299
592
284
427
621
830
677
618
81
50
230
480
777
579
204
754
204
131
89
643
737
997
997
524
456
686
459
54
869
73
343
547
623
101
222
541
415
217
366
839
372
474
646
634
862
108
601
474
16
367
671
346
164
867
516
420
897
407
820
822
911
29
46
393
102
922
57
707
675
213
236
110
669
581
194
681
902
583
965
576
869
911
953
328
915
574
316
61
300
597
252
390
697
385
961
272
826
495
453
530
457
353
488
65
164
585
464
245
2
645
977
571
946
179
257
652
32
127
446
725
34
834
923
455
697
868
464
730
843
213
82
69
15
47
251
704
402
424
898
933
466
110
173
804
552
612
677
598
59
868
114
364
353
484
9
233
585
614
91
676
479
794
695
826
647
110
578
91
350
592
478
34
100
667
856
451
110
672
86
432
506
318
224
924
867
637
533
83
536
399
306
321
488
215
358
289
616
766
688
121
256
611
964
284
450
410
420
55
164
80
435
863
391
174
840
250
536
476
296
654
999
871
268
470
205
941
141
931
691
879
28
290
792
256
734
634
563
613
255
456
378
349
526
54
233
466
489
489
974
904
410
505
852
390
66
70
855
530
965
600
375
489
669
695
751
95
634
788
223
882
914
864
769
781
861
147
289
172
93
918
383
619
299
645
17
420
716
55
781
264
61
967
676
972
148
728
508
951
130
131
951
307
109
780
472
170
98
734
14
907
266
580
83
340
931
833
150
297
162
265
679
213
439
313
803
416
929
148
328
674
996
727
770
311
16
847
511
331
899
624
440
694
321
649
512
43
353
510
874
69
740
373
365
707
417
205
770
782
868
780
362
135
249
927
441
726
202
766
262
639
241
73
263
663
193
901
768
32
623
100
317
657
553
115
8
865
397
124
27
668
821
815
578
766
520
460
458
559
933
540
222
960
643
88
220
421
588
177
763
795
643
474
879
851
26
58
431
831
17
766
294
83
499
742
600
719
987
573
591
692
935
839
239
181
707
822
14
376
64
613
527
684
862
720
393
389
119
371
810
773
302
578
794
444
80
648
173
706
832
963
808
412
793
327
47
750
807
178
85
416
879
16
982
3
503
376
498
109
416
821
906
346
283
152
719
37
434
990
624
928
624
774
579
415
323
574
504
603
400
277
914
765
982
955
167
153
640
191
34
29
661
241
902
536
306
369
765
328
594
520
169
143
171
365
650
269
268
209
49
468
718
455
412
359
256
365
243
716
887
904
577
571
61
527
798
583
25
21
597
188
519
589
145
368
593
312
964
951
302
698
779
561
841
959
531
238
740
15
184
373
637
160
976
33
754
478
483
445
409
347
918
592
331
149
239
644
858
641
738
611
255
337
140
426
856
557
424
83
937
40
161
61
362
898
815
350
802
422
732
947
434
340
632
926
380
682
795
801
941
357
923
274
656
254
703
96
700
698
514
516
977
337
923
970
78
428
644
169
430
288
905
633
460
672
148
517
411
337
742
161
899
919
439
372
193
712
617
625
318
278
193
266
986
474
576
318
113
815
57
708
558
836
483
303
318
766
376
565
864
797
359
834
564
229
247
978
785
735
228
862
731
712
894
6
