11
2336
1869
2342
1690
2280
2027
230
2898
1075
2932
737
350
1857
1486
217
1026
1204
2024
1676
841
1986
413
1294
606
2932
2545
1383
1478
1054
331
887
2821
2727
980
2489
511
1562
1287
350
1034
1925
2024
227
1826
2898
1249
1629
541
501
2507
1579
63
2813
2625
1812
2040
1165
1083
2594
284
2524
1153
2831
738
1419
1205
495
2977
1623
1301
2893
1320
992
1081
650
1453
761
1130
2842
1703
2775
1835
177
1343
815
180
2086
739
2155
820
342
1277
2236
615
1380
91
742
111
2743
256
2480
215
1412
1427
2058
405
581
374
1700
2872
1546
1489
692
170
2662
918
2608
1774
364
1408
476
2574
555
2360
2197
398
304
40
303
2524
1698
1731
1420
2044
1387
395
2261
1790
373
2949
477
2554
1123
1474
340
999
1465
319
2384
48
590
886
1827
2879
777
2814
2616
1822
297
1808
1367
2291
600
2003
2699
515
2226
2330
857
1587
1690
2451
2051
1202
2350
1835
693
66
1172
1984
2000
2512
636
847
2021
1369
327
1206
740
79
1751
1524
1084
52
1001
2119
2077
1462
264
934
2220
867
1276
672
2423
2247
2698
1579
777
139
69
2337
351
1319
1301
2256
1764
2395
2838
17
785
1538
1988
1075
2425
703
2765
112
1819
1124
999
511
616
1032
883
83
1791
457
2337
1779
1039
2242
61
1483
69
2566
314
1219
1111
2333
1486
1710
1239
205
1255
254
1011
1164
1299
693
1924
1381
157
1662
1892
1737
2646
373
629
1080
1593
1643
1280
2191
1596
2510
1987
683
1099
2136
2702
1583
2759
198
1791
1497
2959
1612
588
2147
2093
2327
360
521
91
355
1785
1126
2406
1677
145
931
724
138
419
2826
666
2721
512
1279
1472
2006
1602
872
2457
1377
2632
1703
1205
2606
1483
2853
409
1390
1368
2240
2617
389
1614
671
2620
1116
2281
1309
2680
137
2960
2012
574
2869
948
2907
1713
2430
1690
114
1155
2822
1226
2285
1793
2988
2680
2808
1592
9
1155
874
710
1628
1123
332
1053
2025
720
1075
1341
575
2832
1867
2938
689
2176
1686
2030
1072
2270
2317
47
2326
2006
1581
1682
877
2980
493
994
992
2201
2631
2044
2306
2872
1093
252
2421
1643
806
2517
2221
2777
2304
2148
830
1739
1679
2558
195
2463
2975
2795
664
1139
2870
762
2690
2606
485
582
900
1722
431
2217
2716
2310
1730
840
536
2971
1182
406
1675
1429
1492
2445
1692
2757
592
826
1127
508
1377
1680
1829
1297
768
1847
1210
1134
78
1333
205
903
2531
2990
1757
2772
2043
2448
585
129
1827
210
368
2308
1389
1309
2122
782
1304
2362
334
2301
1067
2525
1724
2889
602
1450
54
724
362
2304
2362
1663
1593
2587
387
1411
321
2557
1001
1277
2470
1983
1100
2517
1981
2371
952
871
1031
1550
2805
1323
613
932
2006
826
2038
2011
1901
2193
215
861
1812
2731
1226
2856
934
2802
1178
191
1127
309
2245
1782
2968
1048
1506
2969
927
2583
1933
1005
2671
1941
2376
2579
1779
2988
683
130
2032
2941
7
2380
2907
1730
2143
1644
1791
2337
1720
1454
2828
1091
2466
2054
668
2245
1998
1053
1543
447
2578
505
2585
1875
738
2228
362
2528
785
1335
94
2022
897
855
982
1628
1694
424
414
64
305
2689
2879
1294
1315
2409
2495
573
744
2352
2511
1030
1406
2752
342
1197
805
2876
524
2564
0
1617
1496
1078
1836
1517
357
1289
1945
364
1162
1384
1623
1090
809
2791
2386
1917
578
1615
2056
1674
1688
100
2497
1379
1796
1404
1543
2374
2016
723
2320
129
550
636
498
981
2801
2154
2527
2096
2156
1816
80
1159
57
2421
2677
2579
1109
843
2037
1370
1754
161
107
1714
2171
1039
874
113
2039
1130
986
2183
2631
809
650
1336
1994
1326
2015
876
2651
2232
2414
2713
353
64
2294
555
2878
2082
1049
2338
1227
758
364
12
2452
303
509
2796
1008
2883
2036
555
2948
131
1780
2054
2903
1718
1395
424
968
2392
2312
1808
30
2336
52
701
512
2739
243
784
918
2634
2341
1923
1295
1514
183
673
20
2813
991
181
1540
2724
1400
2078
2409
1208
1522
1619
26
1409
2789
883
2482
2054
871
1800
2233
1878
2027
229
1849
1037
2212
325
2651
346
426
70
2690
792
2708
2924
2816
60
582
1202
375
1414
2660
1806
1578
515
1887
1620
13
1073
2847
2798
98
683
833
2737
189
952
1794
491
537
359
21
323
1779
1125
1753
1346
1711
730
1886
64
346
1688
1481
1953
440
2596
2133
81
374
2450
1180
2333
2994
2691
1118
2916
393
1866
1616
1389
2104
1696
2008
1618
1567
1923
2264
165
530
2750
2665
2009
2386
1884
761
2028
2027
1590
847
1035
1838
47
1782
1742
874
1557
2360
2221
2062
771
2773
1915
1569
621
755
2914
1013
2963
1087
798
2945
1416
1293
1533
1934
2364
1756
2854
1124
2088
2141
634
821
1626
1669
2753
2825
2290
1600
1350
1315
1860
2304
892
1444
822
1582
1250
2526
827
712
1588
155
2217
635
1372
2718
1455
290
1489
1042
1803
2383
2806
2490
2291
265
325
2464
2553
831
1613
1185
364
2427
73
1912
36
905
1211
2265
2301
498
1273
2729
1456
652
2110
148
990
131
915
230
797
2197
1022
229
1808
2634
2276
774
2826
2371
2867
1455
1715
2925
1139
149
885
93
157
2839
2441
1980
587
2066
325
254
338
2077
536
1688
1509
2431
1025
2768
1836
335
2987
1017
420
340
2013
798
1208
2590
2617
2061
2232
236
1652
840
2296
1767
37
568
891
167
1904
1683
2265
1348
2933
2007
343
526
788
766
1574
2624
835
2292
1966
2810
1603
710
1883
2270
511
1437
2352
2317
662
99
1379
1858
619
2845
473
1327
90
129
1339
246
453
545
2953
1923
512
2656
645
1823
2401
1444
1818
2895
2435
1733
382
1158
2572
1596
2501
2367
669
1846
1704
1064
1450
267
2621
2443
2202
2650
1088
1278
177
2631
266
397
2740
695
1001
1413
700
1170
1040
2444
1237
1513
2503
831
1481
2954
837
1195
776
2314
109
2856
531
1698
2943
1546
377
20
120
1394
1616
303
1139
556
368
625
2905
2321
1716
1036
391
2368
2626
1724
127
2152
117
2103
1913
1441
2440
1525
283
2851
2133
178
1582
2429
406
2273
1586
298
1091
1171
2124
2841
413
216
2167
156
2474
484
560
2412
1801
1829
1678
1130
936
1971
513
1112
4
529
1922
1952
2496
851
2539
788
1201
1768
1647
1607
2353
2786
2469
292
2546
794
2137
2046
965
665
1932
1151
2082
244
2355
2988
2290
967
813
512
2164
1165
33
2208
1364
2037
510
1078
1490
1585
2847
2921
426
2107
2046
2780
255
1945
1248
1262
1917
298
2512
1994
2678
1017
1208
471
2340
601
453
1314
1736
992
2474
2418
2218
1929
1655
2428
1658
2364
1202
2287
302
1736
2959
1474
685
1740
2476
2597
1794
2585
2311
949
2380
1380
2059
2699
213
2026
232
1022
2657
1132
1339
2063
273
429
526
493
1208
2769
2344
738
782
1376
1239
446
1563
1346
1108
2754
101
2293
1728
1623
1636
2125
1045
311
1541
2571
880
2435
2214
728
1573
606
18
1010
138
1762
1765
2720
1448
2986
2561
2443
2543
295
2505
1117
2978
1190
773
1670
1322
688
247
2068
1382
2395
925
2434
283
722
2119
2948
432
728
1139
321
1132
1858
1303
393
1700
1493
2911
457
2527
2757
2247
1268
460
1040
2018
532
886
2881
364
1049
2526
489
2236
992
1562
1418
1365
448
179
2557
831
2952
381
1702
152
524
666
1406
537
1882
239
329
1878
967
2011
2425
2549
175
836
2074
27
2932
1316
1110
1082
494
2228
820
135
980
928
668
2555
1833
1146
814
296
2874
1387
2315
182
1518
423
1179
1605
2710
2631
2680
2277
2463
820
435
2628
838
2602
2229
272
2595
2723
2127
1430
2248
1333
1622
1977
1067
2694
777
301
2689
1287
565
1790
2109
1982
770
525
1945
1632
54
1154
1972
646
1498
1680
909
542
2260
2189
2358
181
1836
904
2748
1595
426
800
1165
2608
1776
625
1778
261
2179
2345
2807
749
2399
317
2753
101
1547
101
2383
513
2098
1814
850
2841
2603
2113
489
667
811
2799
1536
458
1073
2160
2513
239
2362
844
438
1590
1397
496
2869
1020
1961
1317
2860
2975
2142
1005
318
2622
201
551
86
283
2339
1133
99
1173
2211
1010
2156
514
2234
1
1902
1100
616
2884
2291
1563
1445
235
725
1483
417
677
2627
1967
967
2562
1506
1029
2071
993
1367
427
68
1071
940
1851
1565
1250
409
130
30
1700
1300
2095
1753
1795
1147
1010
225
1216
216
290
327
2974
1366
2331
2672
1901
2084
790
806
2367
2703
2683
1765
1722
2404
2548
2464
1886
1421
2220
1869
2673
2547
2360
1054
744
2445
1611
1625
369
2287
1984
2850
599
1950
1403
351
2421
362
1585
2635
2782
821
2465
694
379
523
2810
869
406
2810
1774
1766
2534
1355
1422
1862
2020
1808
824
1214
1125
592
1806
2211
2600
2505
833
12
2258
526
2789
1320
2704
1312
2502
2801
844
2273
2339
1035
2651
214
1329
2026
941
916
1507
2658
1262
1190
183
312
2116
893
461
233
2378
2185
1043
952
516
166
244
989
1484
2722
370
2476
2116
2502
1000
2587
2043
2299
1965
2400
1749
2222
1765
1218
1998
798
466
918
2015
2357
2506
572
1452
932
770
610
2340
2284
2412
1602
1290
1386
1652
327
3
1930
889
1213
2200
519
73
553
319
1977
1277
2917
876
2096
2599
2248
461
559
2504
2950
694
2948
62
1947
2073
983
2222
1950
2482
200
1246
2947
746
453
1494
200
554
2588
2359
2668
1514
2525
2051
2964
129
1340
1215
504
831
2949
1406
2453
2633
1456
47
2835
332
1079
1530
2657
2237
780
1358
2143
1856
376
1998
1669
2424
2241
2069
378
2166
2851
2791
1398
644
1810
97
1563
771
918
91
2001
844
2704
1093
1129
1700
1491
2119
2948
2851
2302
2509
2868
1349
641
1978
803
714
238
2764
994
2147
1577
2592
2628
2662
1810
2503
2292
2131
1194
1904
347
1863
1963
1183
902
2265
549
166
1111
2738
2430
531
362
1442
2833
10
2691
2216
1362
316
2813
2530
2737
2783
1589
2773
900
535
233
1031
2985
1581
1307
506
1067
311
673
1619
1756
2848
2801
2204
2156
2264
2544
1622
2177
1526
412
379
2191
1141
1579
2122
769
2316
122
2691
2200
2610
1450
325
67
2554
1296
2246
1031
2315
2411
555
2952
2731
971
1136
961
163
2783
1881
2304
2190
183
698
556
1198
1787
3
1755
2607
2827
2552
1319
1152
1384
375
160
2183
1330
2210
2503
580
1836
2672
457
1543
2172
1079
2579
694
430
180
21
1057
587
1093
1545
528
2614
1990
2645
2000
207
2
655
1201
763
2740
1624
755
1259
1807
2315
2265
1579
1234
2928
710
2325
160
2539
2399
1286
1214
1242
2649
2737
2301
1807
947
915
2634
2337
1999
2831
2419
1097
805
994
21
2459
1255
2760
868
628
844
792
1082
427
1118
2645
1395
162
2367
2367
951
1822
2412
345
481
2476
2351
2299
455
2598
571
2330
2459
630
2323
702
785
74
1059
580
1113
1856
2635
2772
2487
195
1281
2949
1152
1790
1766
904
2096
952
2187
722
609
2481
180
589
14
1604
1845
937
200
2188
196
2190
2104
515
7
2829
1310
2672
967
1567
225
344
1941
1885
688
489
1003
577
2551
2770
510
781
318
1542
186
2290
1070
171
1109
2715
1308
269
2640
1515
2019
239
1099
1683
1652
541
2480
440
1577
1163
1699
2700
842
1649
872
2283
31
1819
1380
2961
2590
636
664
1658
423
1523
2347
1097
1334
2624
951
948
1608
1111
798
2687
1682
2717
2894
104
2558
42
922
1475
1342
2920
1403
1366
2677
1515
422
1375
996
2225
1223
2860
2305
2524
6
810
1415
2796
201
674
386
1865
2194
1913
296
2945
2705
1718
2920
2551
604
2585
1037
2973
245
1921
675
1682
1261
2126
2525
103
247
1049
1989
2446
1160
2416
1110
1355
541
397
1134
879
1837
2336
1279
1762
720
659
2687
1433
1431
2079
894
1736
286
2725
408
1784
2607
223
1523
1316
2736
360
1715
433
575
1608
2795
356
436
964
910
1472
2208
461
1534
727
2828
1287
316
1767
1020
1996
1001
2697
2261
234
2300
694
1940
1738
917
1938
698
2842
1225
573
1484
2380
1734
2415
590
2512
969
835
2482
2927
549
2655
1925
2409
70
1579
2683
2513
1263
1599
2452
2191
1976
2922
366
2342
2292
2296
2684
1294
1233
1058
1511
1788
1312
2172
1859
320
303
1570
2229
903
2469
2156
987
281
1182
1532
1356
2638
2543
1444
1449
2252
1563
157
1452
235
814
741
2863
965
2490
2025
1207
791
1264
1755
1571
1653
945
380
943
1460
2021
861
1070
377
850
1698
206
210
2985
24
1621
522
693
2424
389
291
2309
2187
875
1318
948
944
590
2878
215
620
901
1526
358
1449
121
2199
1821
1426
2237
2150
2549
2253
2099
901
2390
1921
184
2857
2967
225
138
907
185
801
2744
2498
2064
0
298
1137
1907
2943
2571
2332
2046
529
2347
2088
606
1995
2633
2507
1716
2317
1521
2985
2677
1672
2362
1024
24
2170
1747
1854
1737
1239
1734
1169
2797
1482
2740
2023
902
1692
1843
2518
1250
1084
437
2158
2462
807
1946
2262
65
650
1657
795
1886
2677
2226
1312
2936
1737
2263
2426
1845
2717
956
1138
843
1084
2644
2520
2184
2627
830
1909
409
914
2135
1810
1600
1289
944
1287
275
1652
2155
2038
409
1056
1626
1920
1816
352
2128
2591
2813
2243
2068
2734
867
2448
2506
749
1087
997
883
2849
1771
2299
344
2507
2881
726
1939
831
2298
131
54
1944
759
2722
952
1033
2975
1845
1476
1846
761
1777
2268
1196
1804
781
2213
2894
1301
1376
1204
2361
2785
2319
2665
1778
2451
1591
251
1662
1519
2767
1092
2649
1567
2841
1213
282
765
1618
604
1519
2698
143
69
517
558
1771
1583
1970
2402
1062
2535
454
1633
2535
1858
1286
413
220
815
2227
1897
416
1699
2586
586
375
2657
1516
2739
2086
2504
1305
2752
1350
1294
2600
74
2673
126
1594
84
1373
934
815
6
1377
2147
1760
2687
1133
1344
1422
288
1343
1932
2019
686
1538
843
567
1951
697
1096
2965
401
268
1545
2638
1495
2225
747
1445
1629
959
231
885
2861
150
2148
224
2082
2947
630
1129
1892
1914
1079
2579
861
1340
1181
178
732
2147
1996
626
247
2722
268
199
701
2730
2350
2340
1204
186
2106
2015
1592
2335
2940
373
2989
2764
2473
441
1574
443
1588
1962
2687
2044
1853
2614
2607
2700
2211
2945
2545
561
1920
370
77
2204
1462
1855
1098
216
1249
2542
2398
1818
2765
2895
2457
1714
2288
1673
702
1112
2602
2698
394
705
2820
2282
2378
564
1446
1713
1368
727
2805
2919
2278
1535
773
1469
2718
232
1962
554
1143
1361
2789
383
2884
1715
733
2047
450
1747
658
144
2568
1637
1658
1879
1812
2355
2333
2787
1675
118
1003
1832
2160
1020
1737
1958
592
442
2023
1514
2036
2899
1341
2493
2792
177
2542
1075
892
2114
525
31
1681
943
950
2244
2949
25
968
1855
1546
2421
1674
306
1083
825
1131
2467
832
2078
2590
1175
2180
2471
1748
2944
53
1066
1300
2646
1907
1855
1361
1149
2019
1983
1362
1202
30
2006
71
1972
1413
347
2985
1528
912
295
267
1436
2207
1628
600
1968
1720
831
2428
2825
193
376
1831
1168
1343
713
2022
1122
296
141
2332
2793
2566
1835
1593
2258
597
2170
721
592
1246
1182
1544
1904
2836
2140
996
1006
1534
2298
563
2056
2558
1586
1038
496
785
2912
1526
2407
1807
593
1381
2272
2573
1686
2111
1130
537
113
1674
1346
2422
2343
596
2280
2727
2150
108
688
240
440
194
2620
2147
2968
139
1703
2088
1012
1351
60
1969
1003
341
1112
2036
145
433
676
2257
1728
1948
2087
2510
1576
2213
500
1937
986
2270
1791
2958
1625
1825
1869
2545
586
1660
540
2077
1749
602
2968
1317
2363
2588
1464
674
970
1759
2744
2670
823
1727
1791
2856
2555
1652
1403
1481
2232
1131
1611
542
1933
2888
2452
2991
760
906
1512
1078
2499
383
852
2275
1617
1505
2696
1479
2027
1985
1548
575
1230
2739
1953
2540
2358
793
125
2192
1032
651
891
2818
316
511
2617
2077
1834
261
802
389
2814
2422
263
620
1806
2630
930
2412
586
2703
2139
589
1573
2487
1750
2072
475
980
2867
1020
19
334
1055
1418
1134
1213
1747
747
408
653
579
1810
2582
1911
354
710
1456
1969
1964
1936
1865
2896
2163
2750
2196
2324
1037
1542
2265
484
2197
39
2847
995
280
1868
2155
2211
1987
2066
2410
1553
691
1411
403
201
1877
2332
121
2611
46
2251
2183
1013
1565
684
539
2378
1959
2238
495
507
1282
440
1734
1996
422
42
1020
418
848
1753
720
747
737
2234
750
1573
2343
1851
1607
2956
1177
294
499
1662
1192
2134
1762
1089
2035
2950
2111
2175
2587
2536
2614
1007
88
2475
543
1903
443
1577
546
97
998
2287
1965
1003
2704
757
1284
2715
269
2271
719
379
1884
1965
2818
1208
1306
440
2160
545
943
2990
2753
13
2031
976
413
437
1716
1728
2585
12
1969
2616
1105
2395
441
2425
2006
146
985
593
850
1395
1923
160
1681
1264
492
740
634
2600
2015
354
901
2310
2291
2855
2727
1947
1906
1752
2091
2907
1131
2471
1331
1045
1098
815
959
1279
1670
2937
1308
2872
2578
1823
584
402
296
1616
629
22
1531
1301
68
969
819
1395
2987
288
2157
313
1810
2816
2643
1371
2441
249
2122
1008
278
763
883
2953
1685
128
28
2411
2320
236
1870
1806
1185
2881
50
86
357
2144
783
2145
2107
781
143
1657
2276
1777
1882
2573
413
1158
722
739
2426
1254
2937
328
1445
180
1511
2266
2168
2766
816
85
1678
2715
2268
1853
1056
1761
2568
2627
870
2906
1133
2458
2051
2448
440
1300
2862
925
1009
96
2357
719
1055
2182
2693
972
1563
1086
1967
234
1715
2662
2964
218
178
1402
1549
2597
1006
1096
2699
535
2
1972
949
955
2660
2048
2043
558
392
1984
1582
1440
446
908
475
375
1625
455
2279
494
370
783
468
1551
2372
2814
2707
436
2448
2312
732
1539
2220
1805
2348
42
2262
1049
1854
297
1111
1498
101
1007
765
1633
1944
2423
2201
1772
991
1644
2259
1666
324
1265
1737
2360
428
910
2623
2540
904
2415
787
2223
2111
767
1488
1272
2134
309
773
2550
1706
1557
1886
758
1893
1378
322
1629
478
2626
1078
799
2541
2610
1066
1896
632
2658
2778
1779
1399
2124
1608
73
126
425
2791
420
2827
924
1819
1708
2213
770
1126
1881
2824
1129
2461
2666
910
697
2276
1101
1000
2992
2447
2399
1029
1938
1610
765
737
16
1115
92
73
159
542
2470
285
2628
216
1357
1695
174
1327
340
1579
2028
81
2948
710
1120
213
2300
523
2284
1031
732
588
476
1495
1203
2614
675
2875
367
424
2194
394
828
2268
2142
1836
2305
1014
536
705
278
404
1587
1015
354
2094
777
1232
2092
2576
518
1874
2343
2301
385
1560
1604
1830
79
520
1106
1371
1762
614
712
1408
2346
2617
1942
2059
474
2995
1504
725
245
2231
420
2534
1786
2894
2142
2726
654
561
2569
1185
2552
1381
2144
665
130
1980
1173
898
1406
1288
2306
1281
279
325
2782
1742
2914
614
865
604
907
688
2035
62
1116
206
1385
1252
2579
508
1865
2278
643
984
40
1967
2430
852
2481
549
1752
1112
760
2336
1911
560
688
1232
561
962
1945
979
870
18
438
431
279
625
2493
1308
110
266
39
2645
1168
606
2010
1529
2505
2499
2597
356
2198
1072
268
1659
440
1755
1948
2487
2431
2886
65
1729
124
614
1525
951
2331
2358
2875
2917
1528
452
1788
143
185
242
977
1013
2043
1415
1210
1376
225
61
453
1747
1923
710
899
2957
619
2450
512
70
1821
540
2009
191
2407
1294
442
2279
735
977
2159
2883
1524
1257
2130
1028
2198
392
127
2687
857
2730
748
1737
2648
2520
2532
185
1231
2168
2846
930
2347
619
24
512
189
2537
74
1002
2867
2890
1552
2232
1097
1310
2631
2519
1281
823
508
930
1662
2404
2016
2707
2062
1650
1960
2898
2449
1533
899
341
1940
44
2293
2528
2899
2406
1155
566
1686
303
2256
2120
2362
1735
2679
2372
531
2700
2865
466
1288
1862
2161
307
2311
859
2645
1690
306
724
2168
2279
73
2607
2885
1881
1306
669
342
1627
1950
927
2445
2194
621
1084
1139
349
1349
1846
135
445
390
630
56
895
2697
1044
1173
1336
2538
2666
2188
2056
2378
2395
530
1001
2258
80
1722
1713
277
2538
2882
2197
2652
1590
2681
1385
1367
2150
69
581
9
1684
1307
1705
2453
2396
2480
708
1800
1970
2999
2928
1951
864
2539
578
1914
1068
192
992
1513
1281
676
363
845
1773
715
1287
1609
2867
539
2537
889
2681
29
2144
739
708
924
398
2454
2458
1610
1559
1744
1303
2881
2322
1444
820
847
1345
1666
1596
365
2411
905
1528
1849
1273
26
2318
1073
2072
1158
1029
2835
1724
2179
2371
147
1326
474
2402
1764
950
708
64
1338
2971
2630
198
287
2218
2674
58
68
2389
1543
504
497
1966
268
422
1016
2436
720
583
2311
2132
2557
842
1748
132
2613
2827
1478
2579
957
866
2584
52
265
514
2080
2004
399
2004
489
1833
2785
1565
1741
862
2909
2396
1368
2132
790
2416
544
1698
816
177
1376
16
1703
2437
2502
2264
1993
262
947
1581
2221
2601
603
1504
2171
1442
525
2840
2269
2021
1701
401
2686
2360
2479
224
1130
2511
358
925
1829
495
2566
2434
1120
383
2022
1227
2321
99
2570
1134
2913
2435
1127
1620
1172
907
2119
2992
108
2403
2767
359
2798
2729
1055
264
42
2141
2082
421
700
285
1974
866
2783
1570
2565
2638
1068
362
717
2543
1303
1743
2268
2202
1355
1303
2871
666
30
685
229
1992
839
1984
1455
132
2679
489
547
2970
1925
98
1144
1817
1158
2581
2324
767
292
99
2308
1896
429
2934
1307
200
1527
2831
2734
1494
1539
828
719
1356
95
2740
1392
2428
1200
2724
1017
2229
1391
2319
1437
581
555
217
2530
1528
1279
189
1847
1609
2108
2167
1563
280
2730
595
547
2901
2682
1471
299
1755
552
910
1160
1776
847
2694
2565
2564
2756
1468
2636
2943
1063
494
2847
776
2942
576
1727
50
236
2283
1324
1673
394
1690
502
565
2589
774
1307
1294
2352
5
2714
2128
2170
230
2230
2912
1530
1056
1110
248
1314
643
2748
470
657
2109
924
1916
2021
337
2615
2323
1416
1653
376
2728
1698
1275
1046
2323
2568
2138
1355
389
1730
1381
556
1154
1922
2267
1346
94
787
1344
2904
1516
1960
2164
68
1389
1679
2370
1963
2814
1316
2011
2368
1348
2458
1796
325
1763
1199
2252
509
21
2703
410
2288
808
1604
2350
1184
2339
1436
262
1259
2153
2314
2716
2145
2214
273
334
2168
834
614
2197
2030
715
1933
2305
687
1479
711
589
2719
2049
1273
1494
209
1803
1408
849
2888
1630
2131
1973
2493
2565
2649
1342
490
624
412
1164
1463
2015
222
707
499
836
2426
2059
948
205
958
1522
881
450
703
2096
71
940
2557
1443
2539
2174
1681
1804
487
2344
1283
914
2328
2409
248
2548
1350
2629
979
1332
565
2279
859
1458
1356
2087
1493
2261
1548
1758
2571
1057
1898
2962
2741
1109
1336
1133
2046
1068
1160
954
2465
2438
2234
83
2245
88
608
1820
654
2768
1142
635
1926
885
1968
1444
2260
2310
2087
1535
1227
2505
1147
948
2110
959
2367
2226
1193
2452
2168
500
1139
2989
2672
1252
1178
1597
2442
676
2479
9
1190
1986
100
940
1039
1699
1971
2540
1522
2596
1104
2479
1849
1924
1673
1631
2073
1197
1636
1701
2136
2260
713
1469
2458
710
2369
2878
870
157
1310
1644
396
739
2469
2441
97
2454
657
2656
1230
2316
2410
3
933
553
1669
1904
2012
582
965
1471
2959
1387
2682
1615
2529
2112
448
409
571
1096
467
332
1960
2022
129
881
2103
2948
2888
1194
1938
2561
201
550
1134
139
2268
2848
2635
1637
1317
1865
1502
1210
1079
2530
172
2066
592
2422
33
267
2965
2094
1274
2755
255
279
360
2061
2318
1521
262
2986
772
808
2692
394
1028
1136
1203
2946
2908
2740
1131
1695
24
2847
331
508
289
294
1481
87
446
253
2547
418
2801
2793
2300
1081
1068
2837
706
1503
1804
681
1279
670
974
807
2174
1349
2194
1631
2720
2452
2637
2333
1767
1862
1339
2457
2338
2845
1548
1263
2642
212
2797
1567
2932
704
490
2479
1591
2816
2985
287
1840
2727
2058
2430
1283
1175
2246
2291
2108
2727
430
2589
1663
2576
1085
950
69
1004
536
1876
775
1895
2588
1498
1231
1266
23
775
124
653
2547
661
590
1965
1392
1940
1459
1078
1682
2455
1640
946
2842
1510
252
2658
1184
1869
2336
1667
369
445
1283
716
525
2626
141
2975
1109
1724
1402
2230
2802
1889
945
2192
1784
2874
2213
971
660
772
1627
1403
1011
1129
1724
836
1837
456
2077
2812
705
2922
2085
1716
1346
1510
2647
1751
2578
2623
872
91
1605
2667
826
1320
2969
1831
2177
2023
885
1409
2189
1572
1231
2542
1785
2398
1554
933
1964
1358
1358
2554
2525
1493
257
1391
1164
83
2959
2599
2334
269
894
1212
1888
1509
1844
244
2103
424
2373
215
2111
2028
263
2676
330
1656
391
1740
2635
2864
2073
2958
1532
1601
2315
188
2916
1937
940
2381
2244
818
1843
2188
59
2952
770
1145
2096
2160
219
2486
2984
2291
1027
524
2608
179
2486
1766
1540
996
2290
581
153
918
2120
878
1791
2850
440
1297
2875
587
13
1242
1236
1319
2264
397
1147
2469
297
1733
1832
1753
834
1981
1218
557
1517
114
1022
361
1377
2704
1556
2582
1584
2044
254
2839
237
970
2154
2449
1972
935
281
1388
2545
1697
600
153
789
221
1719
1982
1765
704
2880
407
1941
1874
2770
2207
1630
207
2261
1984
931
1791
1968
2486
1337
1392
361
1994
831
579
869
877
1452
1340
688
1499
1424
1125
678
1650
989
716
1203
906
62
1043
1367
1422
2736
1033
445
843
2392
1903
2566
1089
1677
1621
2897
912
2320
165
2101
844
824
687
994
2051
2778
1606
476
1373
904
1410
1609
1948
2728
375
205
1303
384
2958
2635
2833
2585
915
486
815
2585
2078
2049
2145
2637
2437
355
1056
2894
2929
222
912
1666
2271
154
1871
1070
1706
1716
1223
795
70
412
2016
2886
2128
176
185
364
1276
1834
471
1853
2254
1921
1359
1599
2052
1974
1616
590
395
2429
980
1754
713
2486
2576
745
1659
2188
210
502
544
1317
2906
250
2748
371
923
1898
2185
522
1043
432
699
2274
313
798
2418
1343
1342
1768
2941
1326
1102
2016
972
2450
489
2112
854
2344
1645
1330
2659
2287
2725
180
2093
1804
2559
2202
291
661
618
1740
101
1987
2254
2905
1390
276
1921
2443
1022
2441
454
437
1767
1062
320
1514
2778
624
55
839
1498
659
330
1539
1568
1483
397
1534
1921
635
1996
815
2445
2292
2688
370
273
863
2145
1561
1462
959
2005
1849
1570
304
655
1224
1448
1052
690
901
1123
272
2519
120
1648
2001
2765
764
1156
2796
2313
930
2314
773
446
1951
818
2464
2286
296
1382
415
1673
628
2070
2434
2484
2978
1015
309
2893
1932
511
2934
1198
412
1867
2069
1248
2773
1523
1000
881
2749
2126
2439
2312
2489
1298
102
2952
449
2270
233
1939
1693
2635
2140
673
2671
1928
658
1728
2891
1389
1725
1981
1060
129
1823
220
2289
767
1840
2420
399
2662
345
398
1600
896
377
927
516
1910
2653
2611
2046
2617
2916
796
2361
466
19
2051
820
2701
2462
1590
411
2404
1680
2082
2048
312
180
2522
170
1469
972
2840
444
2013
2089
1635
1920
2220
2108
2914
693
2046
460
231
566
46
2129
510
533
1305
2928
2616
2736
1489
711
1491
2633
1101
1314
1723
2508
2760
1615
1494
1028
1033
1775
1140
2551
1419
2309
1934
491
709
2739
601
1735
380
379
1242
1695
2807
1411
130
234
322
2644
2893
638
2455
1348
896
1326
1282
994
313
1369
1251
2242
683
1151
2321
2161
481
2840
2068
922
865
1940
2779
2513
2941
209
1031
2240
2006
266
1599
2256
2762
2269
2749
817
2855
2464
2145
877
2199
332
2484
1498
1142
1465
574
150
2921
1683
571
1216
2161
2253
1852
164
2792
1597
2482
2637
2595
656
2920
1978
2056
975
1272
66
1057
153
293
1225
1385
1555
1995
823
502
1629
2428
2886
112
1278
116
1797
2496
906
1878
2778
1772
921
1415
2173
2121
2388
1411
594
1833
52
991
1102
599
2859
1967
1813
2360
758
961
2002
1460
2474
960
1097
1468
1191
2044
1577
1822
2522
1130
2998
2111
1255
2232
2077
912
373
1339
1544
2332
1339
1163
2741
2983
1436
2543
1537
1866
1671
309
1786
814
1762
316
2861
2895
2535
1686
2741
427
1958
2015
2277
370
517
2618
623
776
1221
262
2085
1120
2222
2420
1767
587
1669
2692
950
209
100
952
664
310
179
240
2916
1088
1966
815
2904
311
462
2542
1425
1062
939
1175
282
625
2930
109
1360
2559
1395
1681
1701
2730
2574
991
419
2411
1703
1713
2395
2027
1574
2076
1814
2535
451
1426
2259
579
1978
15
2673
26
763
2487
335
2244
2733
1871
402
960
1867
2547
566
835
1255
2007
1968
1594
2606
1402
2939
989
259
2999
1761
212
2808
2725
2660
2509
1378
2337
2070
589
2075
2818
1725
359
1254
2140
58
2499
2190
529
122
504
2351
2213
1206
1829
2321
2040
1296
859
2706
2481
1087
2887
1091
1136
5
1254
2229
1012
550
1105
2277
950
2436
1571
1813
2574
2832
768
2228
2196
2634
744
2592
144
1164
1748
2370
333
203
1943
315
899
936
2352
437
2996
158
143
2492
1378
939
485
1007
46
1188
2656
1889
195
1116
759
156
259
2565
667
936
1937
2154
1006
2815
1505
827
720
2181
1389
642
655
1062
1929
253
2374
2823
1832
2645
2361
1289
2320
206
263
1659
91
2351
1112
2160
2647
419
1561
2504
1256
2449
517
1570
2923
1145
6
2561
1758
2591
636
2190
1702
1396
1325
342
2377
1195
1461
2389
2365
2913
2446
763
2951
400
331
2806
2271
437
1122
344
1204
367
1752
1321
1708
2867
1329
1639
2807
1822
2927
1124
2836
2427
2474
1793
1379
237
697
1186
292
1005
1903
2929
2526
479
1409
1903
1725
1826
2454
1967
2110
1887
1903
69
1428
2907
89
2295
7
1728
881
2482
298
2920
783
1384
2966
2075
2845
2799
2661
1683
2737
1421
170
693
2360
338
118
1298
2997
511
1973
334
1722
125
2634
1449
326
1337
359
1587
408
422
1273
2261
1010
2250
2939
61
865
1197
1714
1346
2459
2591
1832
2193
2457
545
708
2070
1671
342
1322
158
2986
2579
790
2179
2257
1732
462
34
2445
2417
1625
1729
629
1688
2858
740
2813
660
1672
2202
1455
2790
530
1091
1301
266
503
2093
965
221
1820
2158
2725
365
113
523
2968
2681
1285
1050
185
2482
2737
2413
2751
2690
2186
1704
1
1476
978
2124
2516
1763
112
2780
210
1558
2958
287
1845
1836
1428
22
1996
196
2035
2105
1956
1240
324
1277
2611
2179
1137
368
1360
2176
2915
2199
230
1780
1286
1791
1610
2182
26
1843
1298
1789
210
1612
2384
107
2705
1559
2647
1096
2899
587
1126
2929
2442
170
1730
1146
1874
922
1616
2993
2175
827
90
1486
1700
83
809
415
1551
1448
1468
335
1683
461
527
2577
812
1928
1551
633
1570
2371
2252
732
1872
1609
2808
337
1676
1835
2087
1919
2388
1075
2503
1584
1773
2153
1129
1757
1567
1347
2343
420
2944
33
1928
1719
2205
1178
66
687
823
2824
56
256
1605
291
132
2478
718
908
1445
1424
1810
2784
803
1843
1041
2119
690
2666
1787
2485
2645
811
2777
1961
581
1237
2475
2171
346
1217
419
587
1592
807
2306
1567
781
2610
1929
2444
538
1373
2834
1913
2960
2879
2487
840
2788
1828
451
2853
2813
1590
2719
1915
1189
2227
2511
2965
2101
1192
102
1267
630
1151
1398
1141
1093
316
2917
180
2854
1094
1147
2542
892
1083
80
2209
1359
2020
2238
2332
1311
1379
2218
2770
2791
2713
1568
1663
533
660
527
1976
273
681
442
70
1427
1798
1504
2658
2057
2842
39
2103
2313
625
699
2324
1748
1554
2588
2456
2931
346
473
1435
373
647
1199
794
1097
981
2103
330
2337
1020
294
1297
2703
958
1733
1856
684
35
1859
149
958
287
1745
1016
2937
2829
1775
1812
2417
2741
365
2024
790
2444
1092
2701
1041
1827
149
914
2509
1418
2945
1118
1561
853
2090
1558
677
783
1329
1119
355
862
1298
1389
783
1247
973
173
1073
2587
1757
152
1306
145
230
2152
1173
2109
1274
2815
2583
121
683
486
1433
779
1048
978
854
1359
1233
2573
2055
1222
885
1284
1855
1598
1118
365
1227
755
1730
939
1593
2790
2197
2964
1252
892
1229
2857
2830
2234
2398
399
775
1112
526
2374
2205
731
2954
1656
332
2014
2018
2508
823
2835
1283
867
231
126
1276
1242
963
2275
410
1144
1136
2481
1751
1369
858
2861
807
284
1604
539
2661
434
2132
795
941
399
1785
1736
427
910
1001
2910
2604
2047
2694
1428
906
1651
1600
1959
1653
1748
2400
489
2023
2414
2683
962
2233
1914
1654
2526
1036
1420
673
142
10
187
2271
658
1517
0
1875
863
2048
1322
1782
1629
2044
265
1400
1668
469
2256
1413
1847
1214
1793
1266
497
290
187
2686
2615
1452
1262
974
757
1272
1058
1668
597
1683
2868
2807
501
1183
531
1384
1080
2636
1913
1827
2080
1075
2965
1565
2562
1708
1808
1669
49
1730
1350
789
895
924
2159
1658
1089
975
2870
881
1217
762
1801
2100
258
411
866
2949
2375
1767
397
58
108
1446
2594
1273
881
800
2733
2597
436
370
1771
2537
1533
2453
584
1916
2744
897
1134
1838
1422
1349
1824
1394
1028
1961
2640
2715
2720
1280
1556
1907
1592
231
2680
2977
1437
1307
1879
1931
96
626
2707
764
1939
1183
440
2654
1258
715
2715
1491
731
1178
2232
1041
1332
900
2283
1644
1796
228
431
1063
532
1838
645
1142
2102
724
991
189
2933
441
1765
1093
2903
545
2439
1879
633
2872
1596
817
210
737
521
1729
1922
2890
1582
1487
2667
1350
1333
2623
2623
274
2035
254
1596
2764
1620
300
549
1431
1906
1171
1227
2116
2725
2543
2723
1709
113
2046
2929
731
228
90
477
427
1438
1555
1172
1364
310
2321
1722
2915
2514
2826
414
2586
982
2065
399
1742
1744
2440
1021
759
715
2166
2153
101
2259
1972
809
2544
88
1396
839
2840
1877
2650
697
438
378
839
614
1203
96
627
366
1567
1870
1459
2474
1115
2481
1827
1710
1715
2328
2284
171
2054
2840
2105
2082
1311
1877
1559
542
521
1810
595
2936
1725
1594
1960
1544
175
687
1216
1338
834
2738
97
1855
1129
1205
2820
1261
975
2453
2466
953
1640
1322
1055
1987
1849
2803
2131
515
2997
2502
1238
2130
57
2677
107
923
1170
775
1176
1995
2428
1853
2237
2086
1726
586
1627
1956
516
2480
990
2139
996
2521
2149
2382
2957
115
840
1150
1325
1799
1987
2599
2249
1691
882
1086
657
1270
1117
2545
2605
1676
2542
175
2378
1954
784
1385
2994
1539
1545
1296
394
1372
970
1361
1348
1028
1519
2534
2464
1743
1970
1207
798
1597
292
1296
175
134
2902
1275
836
1945
1316
2985
926
2988
1315
1917
2280
2494
2156
2618
2401
931
2200
637
2254
1263
710
2381
1135
1654
1107
2361
2951
2162
449
978
90
2750
187
1019
2346
595
1271
1382
2578
489
1804
1000
1694
2247
2325
527
2418
606
470
930
2586
274
1526
401
1961
2043
342
2550
1405
1122
2177
1788
2370
2087
2884
2687
1502
1834
1759
1852
69
2608
2091
162
1542
2368
1662
1144
212
1462
2740
1272
2472
1255
2328
163
95
238
1179
503
1304
2950
868
2774
2049
2232
465
2968
1657
1375
1540
1116
2504
1153
736
170
2341
1465
2645
2444
384
1610
2458
1542
2258
1670
2507
1467
825
1223
843
1098
2007
853
2394
2912
1756
2929
1890
94
2915
1897
2246
2286
2818
2980
1931
2642
2294
1648
700
1405
830
354
328
629
2501
181
2470
1273
2734
567
348
2455
91
79
963
1105
2725
970
2375
2377
291
584
1453
2169
2012
1138
285
1736
2583
231
2889
1393
581
2583
150
1965
1212
1726
427
2236
2774
1957
1503
1240
1579
1077
1959
1722
2484
572
464
1672
1017
1357
2609
503
2222
258
2500
1925
1608
797
918
2473
965
536
1676
598
2844
2977
2065
1174
2963
1737
1605
731
479
2030
1175
291
2929
2534
1957
2917
310
2639
2802
182
2111
1557
1538
2992
1450
1435
1130
1637
1679
341
2219
2816
2608
1572
1639
829
1146
2067
1508
449
249
1626
273
1732
1787
313
2142
1286
2834
822
1529
799
1479
1442
845
731
941
1432
45
2037
1483
1247
345
755
2622
1193
1119
874
2542
764
558
762
1791
2057
94
1197
1386
1947
2868
1340
1468
1571
924
1642
2423
2137
1431
548
2592
116
287
289
968
1852
1647
94
1526
488
2112
444
2429
996
1657
582
2993
484
1119
2765
351
2599
1005
647
1541
2749
2069
2158
2407
1986
2095
861
131
1247
424
2168
2095
2879
510
2290
2105
2071
330
1837
1151
2281
199
597
2192
106
930
1910
1906
2546
915
1086
2596
2028
610
1725
1190
1454
588
932
2272
2394
1896
1379
2888
933
1340
647
663
2832
2661
1739
421
29
1135
2110
940
2556
1593
2798
1642
958
1516
2850
1394
1744
2909
2413
2669
2892
528
2034
637
2324
2551
322
434
1208
1035
2013
415
626
2938
2072
783
767
1905
2667
1236
737
2507
294
448
2818
2986
1908
911
810
197
687
1035
2236
1714
518
1370
310
2877
1789
1957
1783
50
12
1330
2350
1559
1682
1380
1376
741
890
2064
289
2247
1189
579
2302
291
842
1338
2801
1113
1243
849
311
1042
50
2296
2126
2538
2036
2210
2859
328
1579
1055
1098
869
41
885
622
2667
2483
2858
1124
2031
669
588
2634
1889
1477
547
2334
1707
169
2967
60
128
2836
1686
2518
1303
246
2849
986
1143
2267
223
2705
2852
1623
1873
2859
2427
160
495
1587
2482
2148
162
2695
1563
716
2396
760
898
2017
612
547
916
629
797
2734
1114
1764
2057
606
486
332
146
1040
2901
2291
449
2327
1093
2712
842
2829
1328
667
1286
717
1049
2545
2186
631
14
2962
1073
420
1302
1493
1101
1524
325
2630
2619
2511
2909
414
1655
641
2046
1068
2620
1385
993
2010
1209
1434
777
2266
1776
50
2179
954
976
1075
2791
1413
773
2984
2046
2572
1749
1610
158
1812
2686
844
2452
2697
726
2387
961
2211
2155
1513
2943
935
2124
259
605
1841
583
168
2737
16
964
2885
373
1938
1896
1894
92
2785
1878
2984
1015
1206
2939
405
2715
604
2320
286
2956
1136
2726
775
1855
679
1332
2431
2300
2520
1956
2662
603
2115
870
1124
2008
265
1532
1927
1713
2598
839
836
398
2635
2193
2346
2554
2713
2381
2459
1289
2651
1764
1660
594
282
257
510
1454
1590
2974
2477
1145
1947
327
360
656
354
2295
1210
2435
321
1433
2168
757
1853
1098
1403
2081
2070
300
921
1087
1795
373
238
2582
791
2842
2328
2067
2036
2318
2443
2219
2447
1719
130
1613
556
2169
2991
1812
2275
908
643
1179
306
2595
2969
2200
1572
1918
2960
1349
1
1955
936
501
1568
2176
1454
1548
1466
499
1515
1777
704
1645
241
352
2384
739
2942
418
859
2263
1734
392
2835
1766
2556
1375
2658
1523
1137
253
1166
203
1063
2589
283
98
727
2711
2488
2630
1226
2492
2279
849
1701
519
582
2653
248
2623
1555
178
344
2763
1744
2219
1258
255
2082
1922
1211
1382
576
1720
53
576
1689
1665
956
2245
2102
886
2002
1826
1577
2365
2791
2867
2286
2390
820
2281
313
1550
185
70
1496
2465
1829
2118
1138
1067
214
2192
1983
400
2689
2444
546
380
916
2015
3
1276
386
1500
553
902
2525
1557
2328
2031
1850
42
2239
1723
169
1728
20
313
836
662
2435
2663
1914
2547
533
971
644
1275
1461
2428
2655
755
2049
2176
1042
563
2470
623
194
1924
1467
2719
2187
577
2443
2024
2945
1329
1637
1402
2040
1677
1125
1862
2048
1487
2600
298
2941
1100
2052
1513
2957
2611
1558
1025
1755
13
135
2902
2747
175
857
967
2798
581
814
1230
2432
1338
1593
973
248
213
2672
31
2623
1156
2953
773
2724
743
781
1250
2111
2366
1475
2864
2892
1180
2901
99
1714
1160
416
1118
1003
544
855
1101
2519
625
833
2098
1156
1340
1620
1987
616
2875
2288
387
1489
2820
657
2239
1372
2747
975
28
477
1111
2968
23
1822
2670
1153
813
2011
2673
2080
1076
1596
703
2996
448
580
2388
752
761
2274
1834
997
1733
2389
1971
464
2298
2501
588
2396
990
1887
181
544
1930
2304
2600
539
2059
1381
504
2079
811
1793
2492
2884
2992
1993
1476
469
1370
2581
1170
2632
2
2159
324
66
2689
1760
1592
2232
1286
1617
24
2917
2059
358
1488
1744
2465
2793
1061
221
179
2510
785
1455
65
146
979
2716
510
721
892
1208
1915
2424
567
406
1892
2151
943
2212
1283
2283
527
918
331
2226
1581
1862
1935
280
2928
2490
2268
1577
1084
2134
1604
2751
835
2210
1092
1919
878
135
95
1390
644
1669
1604
1642
161
1456
181
2853
2602
1925
2417
580
2695
1151
1508
1761
410
2110
1149
2868
231
2273
1840
2337
2467
986
12
134
2721
2515
1463
1923
2523
1656
968
1471
2942
2244
1781
1416
1721
2160
2902
2899
358
25
1753
2276
137
2616
1039
1991
472
2615
2374
2783
2323
1923
847
2294
2582
2149
2771
471
2964
172
2577
848
1086
88
2483
947
1076
88
2121
95
1970
900
1605
1985
998
2394
2673
1520
233
370
1101
625
643
908
1157
832
1100
2228
2138
1136
216
876
2543
2020
2873
2891
1214
543
1187
788
1091
1352
2339
1050
1601
865
370
1834
1236
1073
576
1440
2822
752
1692
1374
1949
683
2250
2410
2749
1608
2085
199
1121
2900
2151
486
575
2115
1062
1886
580
1359
2146
2977
1341
83
1955
2177
1359
1929
2439
354
2865
939
2220
1369
1448
1519
2954
2509
851
1463
2404
1884
1320
975
945
401
157
2999
965
244
2035
1770
1013
347
2256
624
1714
902
1891
1945
2933
104
1389
1778
2308
1181
1094
749
235
2270
2597
2627
2726
2220
595
1397
221
860
225
115
1257
1879
1353
1980
1901
2214
1378
2126
328
1643
1896
176
1810
378
2691
2518
756
1713
2774
2516
2293
901
1898
382
2162
1575
2851
2894
1516
479
803
1040
1248
279
181
1418
483
1635
572
1279
1108
1966
885
2414
1230
1256
1362
1526
2693
343
2592
2236
1736
1002
2803
431
383
2093
2975
91
2079
337
2818
1397
1043
1548
848
950
1301
1057
302
1731
1013
2361
1123
2955
225
2513
2363
2522
2733
597
2637
2758
44
1869
2423
2295
1783
1230
2072
2187
2260
1908
494
1002
1539
1798
2897
1479
2773
2858
327
1177
2637
2786
17
2600
3
622
1181
2347
2750
2476
2909
505
1105
189
2471
1613
2545
521
2158
1351
1357
358
2121
2488
1886
1220
89
2110
2025
108
1776
2201
1291
1049
496
2884
1412
1215
441
2959
2174
595
391
2333
1983
419
955
1913
109
47
2000
2950
1537
2552
1888
1142
2030
1319
1400
2218
2755
1272
1609
507
2543
2504
167
544
1940
620
1599
2440
1695
580
820
602
78
2335
2786
75
1474
1665
583
392
1839
281
2286
1068
402
2375
1485
1683
1138
2046
1616
2687
521
2278
2855
890
1483
1557
2174
1222
2560
133
2075
409
503
1249
637
868
130
2308
338
2821
17
499
1864
1795
2225
2516
520
1585
2686
1750
2424
150
2145
2346
600
1901
2578
209
1054
1624
2200
1504
1557
1121
2240
2561
2851
2411
2124
459
914
2118
158
1084
545
2434
1285
2110
2595
277
2854
1703
255
960
1287
229
657
1822
1167
1457
2193
2318
681
2019
810
75
914
1902
2765
1945
2993
1909
2638
130
2294
2381
79
1217
2085
2140
11
78
436
851
2398
299
1147
991
1730
2407
1604
1806
2604
864
18
783
665
1341
558
1066
386
2292
2295
1761
2359
1745
97
2358
1050
1496
921
2367
59
349
1703
1064
2508
1705
2949
2008
2973
142
2343
2989
442
639
19
1443
98
265
1610
1539
1483
1470
151
2664
836
1052
2343
983
2644
2512
881
863
1704
1648
1263
679
2538
2065
405
2431
55
1254
786
905
1921
210
1284
2497
606
2159
1384
1738
728
543
1169
2578
2047
1642
1752
2080
338
320
541
244
669
2041
1901
1192
2807
156
2788
2261
1795
700
2971
609
553
961
133
1215
1829
1069
2134
6
1088
2229
1749
1239
949
1379
2452
2472
2982
1401
2269
1206
2584
560
271
1258
2468
2641
2624
43
1991
178
2580
852
2523
165
1982
2414
2926
549
686
1081
1596
2602
2316
1998
1720
2559
2443
2840
256
2818
225
453
833
2275
742
1535
2968
768
2466
1863
659
1423
1932
2851
2007
677
1967
2758
738
1655
1111
2929
1955
86
1780
1681
448
1287
2366
2865
1672
755
2057
1304
1250
1228
2250
765
660
2905
2891
121
800
1604
2523
2446
84
1009
2017
1151
1321
409
1817
679
2094
759
2383
494
1972
867
2035
2616
341
2516
1206
88
1112
1195
2676
2693
424
1541
2497
995
558
928
2720
1173
2899
2026
1850
2880
1714
2109
620
1387
2612
1287
1619
654
2349
2105
1139
2096
439
2294
902
213
918
454
2538
2687
2507
51
910
2507
132
1035
533
31
427
710
2907
707
2637
1250
976
37
174
453
1706
2689
1315
547
1543
1000
1975
2632
99
863
1377
1255
1765
1347
222
1395
1545
1227
1331
142
1913
414
2709
2168
957
2774
2027
1369
2285
541
2739
1698
1723
2438
1357
1240
1749
1951
325
2658
843
2069
188
2885
158
2432
248
1422
537
1497
2250
895
916
640
2688
1853
2022
1466
1036
969
1283
506
1172
2277
2470
287
107
968
367
1734
1928
157
1136
2873
1957
2833
2692
863
2330
1099
352
2509
1898
680
7
1726
2069
111
1384
2247
1031
2522
2650
701
1097
1334
2
698
254
20
484
61
57
800
2536
393
2276
2322
1982
256
2275
746
1477
2465
1802
2689
592
1616
924
2637
881
124
597
2772
1938
1590
2809
133
2705
912
94
2883
2291
1876
1583
1307
1397
1830
2722
2616
2286
923
260
2572
352
412
1635
9
1648
949
924
2248
1075
2955
1765
1736
2875
1029
597
2059
2682
2249
2978
2086
2854
746
443
2591
1790
1856
2551
179
1267
336
1061
2368
2049
173
820
304
1095
991
2805
2646
2853
2602
1016
1093
294
1874
1420
615
1597
1805
1635
2891
1412
1936
708
2611
2114
1294
1234
980
2461
2127
2981
582
1824
885
2231
438
2030
2004
2904
1353
2591
1010
582
2100
2737
1604
2767
890
2138
755
312
2532
2149
1639
211
751
2259
2978
1228
2490
2116
391
2228
247
1493
2764
185
780
1883
1645
2389
313
457
2131
606
1676
1085
628
493
626
2482
2052
706
1745
1049
1741
920
1748
2904
2282
2668
149
2816
1153
539
281
1128
2266
756
2433
264
730
1492
1052
875
1533
984
2549
395
1818
1519
2921
1595
728
1729
2000
1576
1290
402
920
2753
1895
2907
1902
553
1365
786
1727
1130
2230
1928
1005
1723
2307
1579
1221
2829
2327
2061
2647
2130
2206
2365
759
2006
2127
204
2043
1298
2264
1522
1246
1998
2585
2280
964
2263
1371
2137
1974
1081
1737
1436
1840
2614
815
549
121
1023
634
1629
403
1625
1984
1614
1938
2195
1137
1475
1585
2727
333
2975
2051
1159
896
1804
983
218
979
2358
536
662
716
697
2019
535
2624
664
105
2721
2190
695
752
2162
576
2219
916
739
654
2335
1307
2711
2867
1362
1785
2476
683
2247
2416
866
2692
820
2044
810
869
1111
2358
2192
1564
2789
2182
1211
2971
252
366
1356
1029
2963
37
1164
725
24
1928
43
88
2274
1015
2518
884
2288
1382
831
175
1953
1251
715
1748
1757
943
2160
860
1083
248
269
2569
1972
2886
1767
2624
1695
1459
1096
1103
1230
2136
1921
1756
2976
2429
2339
2441
592
2577
74
2484
21
1027
595
2379
1467
2832
191
663
74
13
1000
2352
1742
2990
2362
2265
1094
232
2645
1924
391
1356
882
953
491
2300
1020
1379
1806
2898
33
2443
2658
598
1224
1936
2755
1584
1213
359
124
2615
2994
1999
1666
2561
2447
2320
2209
2523
181
2100
1630
2282
175
1526
1748
1323
1434
1033
2259
208
2718
196
1557
844
2332
1837
2114
728
1026
2954
655
2773
868
2967
833
748
37
2084
1919
1389
863
2551
281
45
2918
1946
1203
11
1707
53
1726
1179
311
422
2248
2691
510
1808
2954
1294
1302
2153
2691
560
2031
1560
2011
905
2252
783
2401
1701
874
1580
896
1346
2641
2918
679
530
993
2093
2736
2148
1942
2659
2859
2493
70
2425
1971
1356
2889
588
2857
703
377
1626
1951
423
2925
567
1199
755
424
2500
2244
2555
1743
2
601
1634
2466
2659
2265
2025
2074
137
350
1722
580
506
2773
650
43
355
2840
1514
2364
2789
1318
431
2454
517
456
1663
744
935
773
79
1567
2758
920
962
1096
1797
736
1620
346
321
2744
1664
2167
2482
415
1951
1660
1174
2929
425
703
2752
295
256
416
2641
1613
2962
1090
2821
1682
294
563
137
2261
1275
2106
1099
2021
1085
2040
2762
1201
2033
2985
1792
1705
3
1277
2228
2244
2293
898
532
2515
2498
1099
107
1477
3
1742
870
1620
849
2122
1789
2240
1684
2743
239
513
2235
2611
14
1642
2124
2673
2189
1900
1590
836
2863
1736
253
940
153
290
1029
824
82
1921
2258
1236
410
682
591
972
2520
2144
421
1281
664
980
1158
851
19
1659
354
1200
2273
168
161
2155
1885
1190
865
2383
23
683
154
2925
1823
416
2624
1900
2776
2181
1640
2785
2835
21
839
2783
1901
1478
446
32
1187
1371
26
484
2652
964
971
2760
1263
1757
1042
2034
790
2670
1448
2308
818
2035
276
855
1849
645
853
641
165
824
2409
1801
2255
741
660
762
2084
2499
1028
2310
2245
425
1012
749
356
1118
2815
957
1413
1748
991
2283
1251
2146
1583
171
1589
2817
1821
2724
640
33
491
2447
1110
1188
2631
2825
1206
2594
1905
1878
1285
1366
1708
2160
526
1321
1568
544
1934
325
1832
2108
1930
484
495
1785
1036
1122
2640
1162
2010
495
2261
1321
2393
1753
2391
2645
211
809
1015
21
1317
124
1060
443
755
2781
574
1139
1167
792
1290
1142
1126
1850
1854
354
1701
2503
2143
2955
1029
891
1552
1816
2578
2284
2245
2054
2985
895
912
2753
2195
178
1500
917
2492
2210
2224
415
1777
2758
885
920
2809
411
1315
556
2250
2816
2896
2512
839
1732
315
1882
2215
2382
2232
2757
1810
133
1428
1188
2783
1529
2962
2078
1577
1386
2494
298
2435
511
2410
2852
2337
1632
1959
1865
817
1135
2206
111
1745
2363
87
1656
401
2327
2896
2632
892
2939
818
388
2795
2089
2656
2525
2082
2986
2017
741
127
89
2160
1753
767
344
217
2007
1923
2514
646
978
282
496
1058
1138
776
2614
2750
2201
1136
560
2458
2515
485
2289
1757
36
2471
220
1008
2721
1683
2215
399
615
1851
2212
873
2272
560
689
2530
1207
2380
2370
238
2049
2060
956
809
1390
605
1541
308
2679
1191
706
2178
562
1135
2896
1339
2700
944
1823
1360
2534
500
2963
1832
2667
1103
1381
1369
2304
1661
593
1827
1131
1981
1281
2593
1
2829
329
2217
2322
487
1667
333
1159
2163
1190
1467
240
2062
2834
2849
782
788
2927
2884
759
1402
1758
2947
2411
910
1143
839
1458
2114
1964
2590
8
2726
2669
384
1139
797
717
2376
1292
571
2805
1966
2619
1501
615
1573
39
17
1261
408
1374
2687
1739
1321
2314
2607
753
644
2052
2812
1365
1561
29
913
1600
665
2850
2627
79
2963
2831
303
1349
2534
2911
37
215
41
2090
1884
1495
1433
1127
2199
2620
978
2203
160
66
34
2267
2275
1757
1465
1319
934
2835
2733
199
2720
1962
717
1057
2231
2191
1523
1442
2757
201
1967
1429
781
685
577
890
1490
1755
447
1680
1904
1783
847
174
479
1700
1303
1541
29
2846
2147
2186
1435
22
534
122
1386
2603
332
2102
1758
286
2334
2121
259
254
575
2559
424
869
2222
2752
873
1443
117
173
2176
897
1274
1001
1597
2240
2355
603
1141
2666
2278
355
1033
1920
2017
1498
1752
2701
2862
479
568
459
2819
54
408
981
305
1531
2489
2644
923
1919
965
2037
1618
2410
2968
689
389
266
2054
1679
86
1954
2060
1775
2522
2566
459
1359
8
2613
1882
2924
2518
2855
931
1249
1664
2305
2641
1354
1770
558
992
2255
1007
2120
1164
2467
1170
1247
398
132
1293
1297
2051
1703
376
730
2911
2156
2731
1581
1074
32
2767
1163
257
585
1305
2538
377
1142
745
561
1943
1440
922
2123
2602
2139
2969
1178
2244
1778
1507
630
1286
769
2226
1206
2987
2899
2960
1381
1640
2839
2550
1200
962
1118
1206
30
440
1872
1288
1888
1818
159
1274
355
930
1412
2947
1948
673
1584
72
1611
2972
2405
1840
1466
2577
1149
2125
815
76
930
436
287
934
2656
1543
525
1736
2239
2263
2523
163
2429
2247
1088
1955
1052
615
1163
1382
735
69
2302
1479
106
1107
6
1879
449
2396
393
2501
721
2880
1161
2373
2222
2298
407
2863
1844
2351
1011
369
482
1530
1771
2647
427
605
2065
305
630
2082
409
2869
504
1034
1882
2406
2488
2980
37
2269
531
690
188
254
2825
1657
1469
2582
279
2119
614
2067
1069
1010
2026
2668
1202
669
1308
226
582
1429
2043
1135
992
1749
1871
982
2705
1750
2538
2586
1673
1795
1922
2634
1920
1075
2373
2117
1038
1488
2157
2738
551
2615
1814
1379
409
680
1878
2475
2191
168
1188
2429
2866
2501
1307
2206
2757
2617
1328
2429
362
778
2473
1113
180
2977
1193
2851
684
2032
1721
1406
575
241
2808
1764
2679
2861
1781
690
2200
1090
4
366
717
1888
2551
2295
1748
997
1247
1398
647
1503
1515
603
1956
1289
1407
330
607
2146
2176
1407
238
289
550
2575
2940
2557
51
2521
106
1028
291
723
2970
865
452
2938
2229
2507
543
2020
2872
2563
902
1560
2121
2678
2905
1560
1032
2107
1651
1852
2083
1127
2226
651
490
2766
2975
998
1852
1476
489
437
1185
1805
2184
437
505
1034
2872
521
2980
60
2124
2751
2459
2541
2677
1710
550
1085
2299
2935
2871
1393
2426
1065
2454
538
2864
393
1599
508
1214
1674
1681
902
1645
1872
2791
434
2762
2051
1283
61
2852
1257
1969
2552
2661
1876
50
831
1063
158
41
929
1616
2818
27
344
2056
60
2954
860
186
995
2682
2235
2521
637
56
1603
149
2459
158
2907
1318
1702
2635
2582
1431
2850
2019
1753
2142
2802
2323
2382
1971
2067
999
9
446
894
510
2307
69
1119
1477
5
294
202
1947
870
610
1217
1045
1136
2546
1022
891
2775
205
2583
1546
1075
1762
227
1818
833
2771
671
2762
2476
2650
1870
1771
2361
400
1000
650
2994
467
2817
97
602
2663
2564
751
2099
1280
929
2382
1012
70
1725
2014
678
170
1105
2384
632
167
413
1773
1273
2076
509
1528
2270
585
2748
688
412
1264
504
1817
1136
2397
2830
1149
2804
1360
982
1207
1676
826
1082
1712
1562
1638
1115
1861
1101
1025
236
