1010
1453
90
1999
1370
455
1726
1618
39
1113
505
573
936
1535
1747
1689
540
1385
1952
508
429
1726
1081
141
28
1788
1913
551
253
66
22
924
596
449
1235
1596
48
816
1027
1733
694
319
241
1372
705
334
1149
1741
312
1469
1160
287
1952
1734
1251
1723
1571
1354
1828
1374
560
266
171
124
1940
1143
1540
23
1498
618
1197
768
1326
1240
777
893
1416
1424
277
347
566
134
955
293
1066
1829
230
325
854
1487
1269
1594
1445
185
1442
1387
587
869
468
1962
1167
1742
1970
603
215
267
667
1031
340
141
1204
1164
1888
91
1170
1831
1989
688
1848
1572
351
803
306
1044
1027
1271
851
31
1857
339
1755
1500
40
436
508
143
25
241
1199
1554
911
1887
1122
1174
1868
1429
372
1003
631
594
1059
878
1844
1901
213
194
819
109
998
1634
1918
90
801
597
189
707
787
546
1196
1217
395
1637
255
891
341
547
180
1755
633
394
1832
1121
399
1452
1198
294
1301
925
1566
115
1908
794
1946
498
815
156
1686
1236
1437
301
712
468
553
1098
1197
220
1527
777
574
822
1529
1693
1058
213
291
1990
1285
245
315
990
1401
768
1652
1137
732
1762
972
1419
1226
1230
676
1081
1636
1250
1936
392
1952
536
1231
1154
578
670
1069
1994
540
647
279
1749
1825
1699
270
1083
1391
1612
494
1310
541
690
1185
105
739
266
607
1420
809
962
313
919
1970
1799
358
1685
266
250
1836
571
1133
31
1795
703
1082
119
1686
238
1063
865
747
984
21
1148
1637
734
311
751
455
1344
1919
1292
1419
415
553
642
1699
937
1788
962
847
1798
622
36
320
158
1095
346
1820
429
104
964
146
89
1596
1142
480
1075
1423
390
1795
363
894
842
30
792
1007
689
1630
1736
1842
495
621
1461
487
239
293
904
753
1508
662
1042
1595
1024
1243
1880
698
1896
1834
462
787
791
1323
1319
1278
193
1354
139
26
699
415
697
1666
1145
1182
287
1904
1207
1434
295
1952
876
943
1332
616
219
15
1565
1910
155
860
1176
1274
89
1623
1307
1622
380
408
414
1235
265
1439
1924
581
727
1290
1339
1440
1413
888
1170
1436
1242
892
426
1639
1021
1253
912
522
806
1453
137
686
788
1632
910
1327
881
639
1450
721
1042
1205
849
450
1042
442
1859
1360
624
917
1393
493
1079
1479
1166
1295
1039
405
713
1436
722
709
906
1749
1458
637
810
1569
1160
1768
24
734
1055
570
392
1683
33
405
494
1625
1745
1836
1388
186
75
407
263
1450
713
1736
784
869
1223
1997
449
888
1032
582
1638
836
666
249
1550
912
391
740
1729
1230
1165
147
1300
1585
208
914
298
1660
366
884
301
590
1778
933
1965
1276
1148
956
376
1919
977
1460
586
160
991
44
1318
896
1971
1117
597
1660
814
909
1437
1824
580
241
597
139
70
1623
40
436
339
36
120
731
714
890
1701
1122
1427
222
1870
652
478
1849
22
950
1083
1613
1754
1013
875
1898
241
320
726
1024
244
319
1758
1303
1648
1332
99
669
602
1848
1656
1680
1314
1704
278
1868
1962
1970
1456
327
536
1034
310
330
1449
945
1388
594
456
1975
109
824
224
816
1980
1340
398
853
1291
1113
89
1788
159
405
1046
1035
1795
1287
358
1544
1932
1182
1603
803
1836
494
1723
888
1914
1677
699
1391
1794
624
79
182
200
1423
1272
1969
51
1999
751
255
87
881
1832
177
1074
486
1114
1655
1595
550
1374
842
1447
1377
406
1585
925
868
1760
94
908
1456
74
120
635
1207
1591
110
1810
312
1314
265
55
428
786
1123
1274
1825
1007
358
420
1607
643
360
988
1673
1588
325
1644
622
304
1772
180
1776
1033
1343
717
1852
1619
1333
832
1690
460
914
1895
1103
1659
24
1460
321
1371
1791
528
266
841
1331
678
1200
1611
476
976
1828
1940
579
1170
857
37
1107
21
1255
1493
462
1750
1359
963
305
1584
1233
1611
266
455
573
567
1096
791
1175
344
355
27
125
1381
1950
1809
1949
610
58
1037
1394
1956
748
1948
1583
1987
640
1260
431
1857
159
154
1579
1674
1087
684
1533
444
1802
1760
948
1864
962
147
969
1289
434
710
881
436
984
237
899
1919
145
506
1436
1591
549
889
1601
429
436
12
708
1056
960
1706
1577
176
141
1971
1243
1057
374
1751
139
286
466
1767
792
1712
1990
363
1541
79
1724
454
454
1591
723
998
221
990
1944
319
388
837
1286
1610
1898
893
1497
1177
915
219
1513
383
395
814
1124
445
587
608
1708
303
1071
379
755
1768
246
1757
163
314
1995
878
35
1451
659
1041
854
852
807
585
1494
42
325
1518
689
418
1153
1872
1265
1264
1137
1163
162
544
1129
250
287
873
691
1728
29
1630
979
1988
604
999
1994
797
923
1951
1273
430
1067
1518
1335
1299
1910
297
1878
1948
1825
1351
355
1128
303
1175
1708
454
376
177
870
1784
1945
1802
1886
168
861
1467
1440
1871
443
1795
1079
931
1
699
548
544
882
1595
225
1322
1052
1659
1351
593
781
1116
687
470
229
1767
902
845
159
821
244
130
1324
112
1245
1744
224
570
1433
848
320
668
1297
1646
1468
1185
667
530
969
1747
1511
589
402
582
1066
1570
1760
1716
1339
6
1382
1976
1003
1770
290
174
858
233
1840
1593
359
1965
1664
487
424
870
459
2
1562
1436
1682
696
187
20
439
1693
1429
50
31
543
1309
237
23
154
1165
313
1670
1036
1070
1328
1492
715
538
1858
681
901
736
1422
1112
1655
1624
1088
1069
1266
233
1198
1555
1098
249
1998
811
1985
837
682
650
307
1921
5
1618
1603
801
895
307
918
233
1591
866
1869
1313
848
539
744
1453
631
627
1736
1243
1075
880
1045
349
1758
1020
993
1754
1123
759
525
1280
583
1596
458
316
508
647
482
828
788
725
567
740
403
619
1772
767
1463
91
1762
312
11
932
149
1978
1930
1818
200
628
1217
5
958
369
344
685
1402
1542
1313
1494
1288
1132
561
840
157
1264
446
1858
539
104
473
511
522
1273
543
697
323
663
1674
444
990
1228
796
1278
286
972
1070
1437
1450
215
1397
1529
1584
464
1814
1108
709
477
1515
1686
1679
192
646
1781
869
693
773
549
1078
124
1638
1916
1962
1129
332
856
630
457
1874
788
835
1735
256
360
913
1872
1243
1969
279
1636
17
0
189
573
916
1575
414
644
54
97
759
897
1030
96
629
1571
938
1948
1102
545
1821
1146
1005
1311
1257
59
1651
453
1801
406
1676
1036
1768
856
1904
681
781
1339
1675
1935
539
1572
78
175
547
1393
486
371
668
1458
717
1611
534
534
319
887
1178
1322
1312
1189
1926
1484
1083
941
1992
1238
1950
299
1992
137
1156
1340
1626
1672
274
733
1443
1990
1014
1775
1148
450
1787
1151
196
1521
658
1605
666
76
1166
187
1387
44
974
1119
1321
1058
591
332
1324
43
1346
677
1517
787
492
467
1696
1385
140
306
1712
451
226
710
945
451
349
1651
849
874
1157
1900
977
1772
1498
1307
259
1923
156
1571
115
439
876
1730
890
1934
1635
698
1376
1920
1473
1681
1570
383
776
1559
244
1284
169
1176
888
1500
990
674
206
596
1257
1512
718
1602
1805
1160
1188
1559
668
1018
299
593
1743
25
509
949
1372
1430
104
860
1781
714
1813
684
1341
1068
1189
1898
736
1204
1148
62
835
1247
18
791
761
595
391
1105
1783
565
1399
1940
1690
472
1677
1134
647
1512
1804
195
882
920
1628
1234
1074
1720
1265
172
68
1307
898
720
1264
455
119
1882
153
29
596
1934
1575
363
1557
542
1178
416
490
451
1319
160
1333
91
854
968
225
992
1792
259
36
121
1490
1917
1576
740
790
120
1622
195
1636
1197
1699
1605
772
1445
15
1433
743
1352
347
958
1094
1108
763
718
538
1538
860
92
366
1317
295
10
801
1860
325
1760
880
730
1301
1977
1699
956
156
832
1622
42
652
1803
986
1896
600
950
1660
62
806
1634
838
431
117
751
884
263
1776
1959
938
8
547
1037
1444
1974
1038
1638
1197
1280
1143
1797
820
1122
756
1005
1643
1017
1465
338
688
230
46
400
1793
565
836
1424
1116
1200
1321
1320
900
191
665
1602
843
1043
423
48
1819
35
1628
301
1510
694
1023
1623
513
1569
1110
1579
1531
787
1243
1664
740
447
113
953
347
968
712
1141
520
1059
1663
569
956
169
618
240
85
1437
1604
1152
1285
1965
789
1632
692
763
263
905
757
1949
1797
74
1846
2
69
1184
780
680
839
325
462
1612
1245
1592
575
481
493
1405
1810
52
1621
1238
1257
1647
1262
1938
1182
924
676
627
149
1132
516
438
1648
744
150
1278
1365
1415
1533
546
1757
1504
443
104
942
450
1562
1201
1483
338
184
1526
1913
1956
595
1139
1508
1502
357
835
1939
489
1616
1723
746
1304
989
939
1198
989
1729
1330
1501
745
1010
1153
1279
980
1208
210
583
1102
1126
1226
798
1845
810
1532
337
1064
1106
463
344
1979
1650
595
1339
666
1315
719
432
723
1773
1438
856
1695
24
1259
1562
1712
991
1177
495
1041
533
392
831
234
1340
37
859
530
211
992
28
1226
416
644
1691
1703
110
642
1827
207
184
1022
1347
1832
1286
1325
376
93
343
1774
1898
1202
287
393
1685
313
258
805
170
709
289
910
102
894
515
1158
435
1174
1848
1883
1198
700
122
1929
569
1294
1157
1265
128
1235
103
137
1841
1753
987
373
247
12
1042
1382
1895
1528
1442
321
431
1616
1028
819
731
1888
1560
627
506
31
619
1705
479
1800
1019
1069
603
523
1289
1026
667
1983
560
1555
1854
1994
1814
542
1258
500
800
1105
1791
295
1369
770
410
843
69
834
1694
466
115
52
336
1423
1746
506
1105
1612
21
432
1857
763
1192
1709
1058
1659
1332
1686
1850
1023
1281
1685
172
268
1132
314
1065
625
153
1312
1923
1308
458
835
530
890
768
1424
1849
1358
593
508
1419
1157
90
377
858
680
534
1910
560
387
1295
1798
1089
1446
1316
452
656
938
683
1413
800
1061
1672
1150
1213
513
1775
982
1804
121
1174
334
496
277
718
720
238
696
227
6
1875
1463
1809
1260
196
1405
792
344
741
1068
1251
1800
1918
502
118
1484
1210
492
245
582
1617
1766
1644
1150
1065
1892
1100
138
632
1316
1394
1693
652
1012
46
431
1134
1529
1378
846
179
497
777
915
1316
374
1098
1255
1105
148
1148
774
1921
892
1452
1428
1629
1353
1516
1647
1917
1954
125
853
1506
145
1024
679
1526
1635
457
1741
192
1520
901
1276
716
1693
557
1573
617
384
11
351
1028
836
988
1495
1365
668
1734
1270
1192
460
219
292
958
1094
1246
987
1909
578
661
975
69
786
1823
1948
1355
676
312
479
299
760
618
185
769
436
1285
448
1208
662
850
1113
303
954
1044
1283
1592
1212
1008
885
802
415
190
954
1465
1598
1999
1306
1387
578
1889
941
766
1957
1777
923
352
502
784
472
1231
350
216
1054
10
1522
448
1258
1591
970
398
1675
710
1008
188
1479
101
380
910
1040
1716
623
386
87
235
1470
1320
1295
1275
114
563
516
1570
797
209
1822
290
1294
1383
1808
436
728
1760
1973
584
1119
1671
814
528
373
1826
612
157
772
1841
1508
1754
1451
103
571
711
1086
1576
1391
1192
953
691
1920
1103
1829
1441
991
1974
1662
462
1709
1825
852
1831
1382
899
239
740
1567
511
488
1704
957
434
1941
6
104
287
1972
950
1136
1434
1660
87
398
856
1728
391
253
886
1605
128
890
281
1973
965
537
1429
1460
509
761
1330
1971
1294
346
1291
1027
1933
1022
1608
1292
1989
414
159
109
614
1150
1174
790
1871
275
1451
1508
942
531
551
524
1079
557
1935
1708
1171
58
1309
158
1339
819
334
1757
580
997
733
604
1100
1890
1136
1077
1206
1081
128
1855
466
1593
478
1908
577
497
916
49
518
187
601
1934
96
170
1128
255
1975
912
243
460
1364
549
932
670
1333
852
660
1531
129
407
1007
964
1097
1510
1447
1995
1263
1660
1639
826
571
1563
1370
514
138
1120
1453
673
1209
1321
225
887
259
1973
1925
1289
679
284
164
1255
365
192
1082
427
1626
1188
365
547
1489
508
665
1105
396
1748
91
1408
715
709
1393
1321
1227
741
1857
374
1803
110
1417
694
1002
865
1607
386
1460
508
538
1295
559
249
72
228
1232
1000
689
1405
1795
1504
1907
1
1498
49
511
1153
853
1725
779
145
482
1880
1560
156
1574
1437
1318
482
1981
738
1079
581
270
478
1777
820
562
1482
1320
215
1510
517
1099
956
1183
1564
1580
1552
317
57
230
1777
1346
747
1721
915
1539
1766
1993
1154
752
348
1320
807
1313
891
752
1693
1505
72
917
1062
159
172
1706
1129
1953
1454
595
1406
1724
145
282
733
465
1486
1717
1716
986
1317
855
1431
389
1808
1862
1532
415
360
1868
1639
644
1435
1521
1138
1461
1245
1673
193
90
1534
762
1108
586
397
1840
830
937
1419
579
1269
1105
482
265
699
996
1207
520
1212
1871
221
830
264
354
779
1156
1443
1615
208
240
1243
1361
1862
505
553
591
1844
1408
1003
881
408
1324
1328
1265
1045
1110
1461
1237
408
1559
1648
1691
1505
1406
298
501
160
1061
946
1927
1229
1014
1423
1022
1340
1161
1605
532
1215
1553
540
1905
398
648
845
1475
789
1415
1805
32
285
458
303
1754
1405
499
1892
1972
641
925
1350
340
635
899
1301
890
649
354
1633
1375
935
444
617
944
1877
462
275
381
123
35
476
93
860
1146
1681
116
41
773
1247
215
135
115
631
206
1683
1168
1798
571
548
1851
740
1498
1585
1848
1531
1192
1877
1894
1578
41
1151
1123
1801
388
862
1534
1487
705
1229
1565
1218
1398
330
288
1966
1053
1325
1925
185
1930
343
941
534
1147
680
830
697
1328
1509
58
682
1917
905
1967
1532
141
1403
751
1232
89
176
739
1013
249
1458
476
34
745
1441
1337
855
319
1880
1055
592
1980
1427
821
347
593
430
1743
1788
115
1345
1918
1470
1905
603
837
860
1780
1324
1758
960
520
599
462
1788
1627
71
1941
1319
1651
1552
378
1529
1060
1961
86
906
17
73
192
1063
610
1359
393
838
950
661
1351
1820
395
1271
1687
508
987
1840
14
146
377
950
1569
977
860
1367
1078
393
90
579
953
1613
1353
1483
162
179
1089
298
1175
1676
342
1555
766
1062
1956
778
1653
224
1914
119
581
1998
1084
1511
1188
813
1908
1573
234
1273
184
1273
885
828
913
1183
560
1545
810
1371
881
1449
167
1339
305
1045
1896
1533
1617
1797
126
1378
59
39
12
1810
294
468
1777
1730
910
1455
325
1731
1875
336
497
76
1040
304
740
554
958
1668
307
1382
1641
1422
288
456
675
1265
1469
410
1095
1398
1298
1903
289
397
173
245
619
38
1673
264
1050
1199
2
841
474
1872
1719
1679
919
37
128
60
126
891
610
322
450
1790
1281
1015
1250
1474
484
470
330
480
1662
1303
857
1011
28
418
67
1908
506
1935
647
1633
1227
1809
643
1077
1560
1364
1862
1347
1752
1908
166
420
224
608
1603
1635
524
654
1483
646
766
1632
1567
1712
1830
663
1717
68
1187
1894
863
940
1688
634
843
426
18
1064
1404
1727
1704
614
1417
1786
452
1615
1379
290
1473
1761
876
1782
1332
1272
1910
1140
1695
864
857
105
707
566
105
952
1862
1840
1527
383
710
702
518
165
1404
1536
320
1175
371
1770
1322
1509
1866
789
933
1288
1928
1575
725
1335
1343
117
1943
634
1988
1111
574
1262
685
1740
606
825
1868
671
653
1071
427
234
1670
1462
951
122
623
1943
1809
131
1213
1525
914
1204
373
1538
671
141
1494
320
509
1696
917
1733
1270
342
521
1986
748
1907
8
53
220
892
481
636
183
263
1387
669
1581
178
1340
1668
1210
1369
1358
28
981
354
1631
481
5
1338
1767
197
1063
1349
1311
753
1630
1122
464
1757
1177
157
1209
1347
1546
632
1237
1809
406
1180
539
13
1688
1820
1703
1053
218
1402
73
1559
6
1597
204
1526
1993
1859
617
366
1050
643
1884
801
25
374
839
1059
314
1911
1477
682
1076
1847
98
745
84
1622
1113
1598
199
1790
605
1578
1527
1345
1291
1025
789
1430
1678
418
1336
1040
1349
537
1972
511
1955
1122
318
858
1397
1344
1326
588
904
399
1318
1918
507
150
914
486
610
1216
144
1230
1004
1037
1425
551
263
1156
1840
1727
851
587
1026
768
1204
778
1342
314
731
1660
303
1971
1446
631
1638
1630
22
1165
1765
154
1537
739
921
747
1305
1874
215
1870
1276
1644
938
1897
1901
545
443
736
1138
850
1730
895
895
1925
1788
724
275
1449
317
220
241
140
22
81
433
299
1482
402
903
1353
878
499
452
1603
1263
821
1691
739
1047
473
1303
51
386
529
1594
1939
1438
1271
776
1518
113
1233
965
1770
1135
325
1179
398
1707
777
1425
1257
541
173
360
1104
5
1549
630
999
607
193
1144
1443
166
455
1908
1007
1085
499
1932
1085
1579
1525
1209
1023
1655
28
23
198
500
1769
940
1642
1742
1094
863
1339
309
1207
1574
1895
297
1041
944
1212
23
458
1668
1168
1201
690
1560
1519
1060
496
1974
68
1078
799
1740
1675
1022
1817
1043
533
888
1156
1730
621
184
1468
130
266
1630
1857
277
1430
91
1635
690
1966
899
282
308
1306
387
554
404
1343
772
709
243
691
991
1907
236
225
563
416
24
1613
1589
548
819
153
599
873
1087
520
139
1624
1704
146
1465
947
1191
825
1951
1258
1930
795
280
1224
1507
232
1616
1101
1007
982
455
1090
874
99
1043
1511
913
1098
762
1552
1383
490
1120
1377
1419
1491
61
519
986
801
1634
873
897
333
252
1502
341
401
1898
1009
293
1805
1964
1857
1311
1287
92
1661
595
920
1393
1519
1541
308
544
1160
1766
1753
21
221
1140
316
1875
47
864
143
1048
97
384
423
627
1781
246
732
1594
327
896
898
1767
1149
1569
632
402
1791
0
687
1717
547
1119
956
1019
1276
398
337
1369
436
144
840
594
1559
1645
1873
1317
113
1001
1470
25
1498
21
1611
428
1441
452
756
39
613
33
66
661
124
1838
1557
437
765
1567
952
302
1008
1192
848
531
296
1428
1447
807
319
1607
1528
1041
1603
981
923
1922
1775
612
1315
1799
1628
1743
933
730
89
732
1819
301
1768
1824
1833
953
810
1217
1792
1139
1950
1404
961
1424
181
1095
1620
1370
266
1833
217
1123
1936
328
1837
745
1707
1603
1665
763
1650
289
1975
1274
1989
1945
1309
322
1899
643
1567
1802
319
1309
120
1290
333
482
1497
1613
38
232
1997
1926
1323
633
1051
1351
1577
148
1756
1391
97
516
1456
1892
1595
1233
60
433
1948
341
806
1617
133
1713
1443
1548
1485
1232
879
544
1937
971
351
20
1578
1006
1956
1800
1199
747
593
272
1260
334
270
867
148
896
1116
638
98
399
107
782
1814
1549
1642
1598
1357
488
687
45
369
138
792
1347
419
144
1056
1844
693
1600
1605
1317
1053
646
89
1551
438
672
1399
1474
648
1354
1576
907
1179
1820
1478
632
983
146
1648
938
1439
1883
415
876
879
1191
56
947
1875
506
1186
1462
1626
805
1626
1472
650
662
1716
1571
133
958
820
238
507
356
1598
866
1474
1783
1691
689
947
265
1900
599
1302
506
467
909
721
98
1007
203
1516
146
1560
1262
1896
573
924
1818
400
947
184
1969
240
1821
1306
772
1717
959
1014
1864
853
330
1352
301
1040
1665
697
1242
1670
1839
933
1292
266
1686
75
1729
1751
1403
70
1359
1378
735
747
395
1280
1248
1955
1846
1449
449
1019
745
1276
567
1226
1252
1060
694
499
563
1019
794
411
1202
1966
1193
92
321
417
1752
1018
1131
3
1725
1093
451
1924
965
320
1376
646
710
914
715
1570
1991
330
1285
1340
1598
56
1662
1832
90
473
499
318
1346
34
1895
92
1821
288
1092
827
995
543
1251
1396
899
1529
1674
132
182
337
1334
1709
1683
1361
1721
1166
836
1056
436
1797
1688
1575
8
499
810
293
1177
833
642
1217
692
1410
377
1152
1314
1384
579
295
541
42
520
434
34
902
1090
598
1206
675
1309
1923
1262
1530
683
1758
41
69
1464
1534
1072
696
1310
564
706
1391
1385
1712
264
1736
364
753
1103
290
292
620
1655
1748
29
209
342
1011
1908
1354
1314
878
1933
181
1471
828
1173
387
1125
361
1289
673
1397
955
744
55
669
1227
679
623
1210
866
1123
1512
1213
1777
844
250
1056
629
735
1244
250
1083
195
1892
192
1424
1944
991
286
203
877
1009
823
830
401
1678
969
794
1547
745
1268
1539
1245
1997
60
979
1478
362
764
1299
806
1762
828
775
295
292
1590
280
1306
983
1381
1063
1663
155
527
1824
281
1884
1012
605
593
312
1943
157
409
1699
28
740
1475
72
1441
1331
1891
1810
1986
1355
353
1132
1607
1901
467
1205
1409
405
378
583
613
521
1227
1945
54
220
1505
1171
1689
1879
816
1746
1285
906
1980
493
553
1118
971
262
1763
78
1624
820
445
1335
618
1536
1241
157
1044
350
977
1584
829
1870
456
127
1570
755
452
875
649
467
1407
1486
1433
160
123
1596
1480
1798
1142
1898
965
581
95
174
1399
1825
1159
1175
53
1399
1467
990
359
1170
288
1741
140
1615
735
159
237
1229
147
647
641
425
1663
245
66
760
981
229
992
1062
37
1322
1668
1422
386
475
630
26
1259
956
1074
94
727
175
1704
959
1298
1292
196
137
1127
1791
477
528
1709
1088
1825
1766
311
1880
224
1727
310
994
1958
1649
1714
1536
1295
1648
1785
847
1446
1624
358
237
1278
811
1924
1146
53
1725
1380
940
1413
830
1358
230
300
1704
1268
1355
1245
1928
1212
1951
1096
98
1647
463
471
1568
1037
1506
394
250
1939
127
1478
316
191
1136
1320
1876
1347
583
752
42
1960
1088
555
660
932
1318
704
906
1294
266
512
328
1793
128
343
1442
959
620
519
1963
568
1741
54
41
1162
456
726
1363
1338
1368
1398
1532
356
852
1799
996
255
1665
1153
1484
436
1320
694
171
704
1723
998
1278
823
420
708
1188
1819
1134
521
1370
1693
1912
1911
772
1843
407
1552
717
714
26
760
272
365
147
135
375
470
276
275
1427
36
1976
1821
973
926
451
1226
924
1606
1596
1525
40
1665
89
802
1886
1221
971
550
1204
1459
1196
309
1086
727
1749
1867
642
557
1141
1870
633
1622
702
1796
310
1050
33
1857
1371
1248
269
546
1210
748
1347
1472
761
776
1725
1023
1417
501
1952
839
776
1283
383
324
1237
879
930
81
1827
1932
1718
1970
1122
773
1334
832
698
241
1066
362
1624
103
894
1977
189
147
566
1972
1669
314
735
421
1877
314
1353
1387
1464
341
1508
417
556
847
232
527
1431
693
298
63
112
1185
987
1650
1147
682
481
356
931
1920
1548
1692
1391
1160
1761
1112
734
277
427
1464
980
1176
1747
1913
329
120
380
180
79
1204
1412
215
789
391
1031
1621
761
462
1638
1097
19
1318
1655
1616
367
25
1326
647
1354
1034
300
98
1328
1102
1367
510
932
1677
762
9
562
953
13
400
641
1277
1592
1848
1805
441
739
1601
451
205
801
472
1501
452
1502
1515
1553
323
598
897
1940
400
631
1371
116
88
601
1925
1958
843
1213
177
1853
1899
756
1206
1500
1877
1937
324
269
1085
1360
1355
354
240
1208
348
1883
1286
335
1535
1833
839
1581
406
370
1327
1123
673
1237
1572
668
323
1808
1719
1540
469
1424
584
696
329
1176
638
1565
1889
533
215
1606
833
1329
1709
1760
49
374
1978
1103
439
1685
476
174
596
951
859
1346
1597
1394
1146
352
173
1808
636
1791
1737
685
185
1649
371
303
1760
1470
1266
682
319
1280
1314
355
1632
1862
279
325
326
531
103
1842
1448
1062
440
540
156
367
1991
933
1592
1776
43
1506
148
1
89
1815
1747
1352
233
702
179
233
1032
153
179
1066
1950
986
1540
201
434
1936
1875
1105
1740
837
437
1851
427
1269
339
49
264
1394
1432
408
1770
805
1304
1118
763
1654
1299
881
971
1727
250
770
1923
173
656
1818
1196
1913
628
380
672
1686
1550
1530
48
1338
1255
1787
1864
1298
510
652
367
129
119
1175
803
1001
790
417
500
1229
1965
808
1887
53
385
476
62
339
1059
332
1021
1685
461
597
255
316
507
1478
754
1676
1564
375
1504
532
904
1242
1815
15
1476
1729
1355
860
3
322
745
1371
79
1433
1535
136
8
1724
1626
1708
780
100
351
1265
1287
922
62
487
1884
447
100
341
1092
352
943
401
1749
1097
1335
1474
70
233
1850
533
1266
1639
1719
1039
1804
1091
704
595
753
1855
1865
67
1043
1694
133
1659
164
1901
1443
540
977
1313
548
134
481
33
1536
282
894
309
537
525
578
206
1552
1745
101
280
1990
688
1574
765
997
490
247
219
1759
625
1278
1928
1350
1698
40
1781
206
694
1648
672
192
1609
1457
94
1823
1995
824
712
32
996
1276
1220
1669
1837
2
503
10
1420
1931
697
1715
1088
1969
954
773
270
1858
1955
708
762
1867
383
1596
1673
1768
1211
1940
1861
218
1355
1295
1427
1802
1615
372
1089
1276
597
0
1635
1847
640
458
1184
388
793
1495
1832
1957
1045
1295
57
1928
694
1647
273
1627
1062
1871
549
1313
337
774
787
101
1249
716
1301
1742
1039
896
1495
308
104
428
90
1329
190
1365
1545
1963
1873
1654
267
496
1293
1839
1097
1858
1125
281
1987
1141
1712
1965
1950
391
450
229
1760
1151
1517
1458
1246
648
457
48
1717
223
817
1830
1223
1450
1040
226
1816
1180
1564
196
186
774
657
1513
533
1839
769
267
907
1446
1321
1958
26
663
1111
1277
722
1692
1146
1886
1945
1446
810
403
1037
92
458
1130
633
1154
1818
1879
699
1245
994
664
357
1717
1723
376
1234
1532
1583
632
1627
542
1364
1082
1178
1593
628
31
158
1710
1697
1732
272
280
1814
1703
1381
844
65
112
452
1169
783
813
1594
1425
184
1054
1164
1936
1196
194
1132
1532
1213
1361
1455
1221
207
1483
13
671
701
1760
570
1429
1646
1729
229
1472
1703
486
1310
696
449
1185
1117
90
222
195
48
1738
968
1037
308
1945
58
1737
744
10
963
1529
365
1857
1975
1263
226
285
1032
511
79
744
597
1122
1792
1004
961
1756
1765
1175
70
991
54
273
251
304
428
1805
227
666
1357
1647
1288
66
1575
972
599
1386
1585
1543
829
730
1805
235
1538
43
306
291
901
1717
186
1090
1656
235
1543
671
940
52
266
1473
1440
669
1030
843
885
45
738
825
1813
569
1181
1995
741
585
551
624
712
1802
845
1783
1862
1940
228
114
1836
318
922
1547
1012
1553
1800
251
648
634
1548
1336
3
1331
1990
1934
89
851
369
1617
1480
1957
964
1537
1533
86
520
1263
747
50
1708
1935
1625
1697
1255
77
1452
1598
814
84
1428
1976
582
1421
202
236
1131
1924
1290
1409
1154
1249
1837
1477
892
773
811
1112
331
467
238
1351
249
113
1737
428
726
461
89
1123
1522
325
589
784
1692
1346
354
1823
1770
1060
1442
411
1130
1683
685
1922
455
1700
1815
232
863
1691
1397
363
1907
384
578
630
1104
388
1302
282
414
1428
1096
905
791
687
1107
836
1482
1780
1799
696
1776
1808
1137
355
509
166
444
93
1355
1791
761
1588
243
660
1949
792
45
104
778
744
714
795
848
1788
142
508
1188
4
1811
1166
1010
400
924
1694
686
753
647
1587
1825
480
631
343
1714
445
1856
421
1346
1465
1091
114
1980
1560
1916
464
1900
17
665
1201
639
1735
1342
1705
1418
1724
295
278
303
1540
1197
1859
1245
472
1403
715
952
1100
1778
1627
1960
802
1372
1947
1685
64
1950
1117
3
1471
97
1878
42
420
1858
988
1529
4
1192
449
1339
659
1525
1983
1690
750
736
1299
178
169
546
1342
1145
1019
1903
153
1517
1272
1015
1305
1374
94
829
675
1758
436
1415
321
1541
639
1575
421
1385
199
665
1597
766
825
1581
1511
1945
254
967
38
1179
699
1284
310
1340
649
1584
60
853
967
373
288
994
303
806
111
1351
1094
988
1132
882
1767
1456
1750
849
1810
1243
1791
1350
864
585
1596
39
1722
1540
1784
1866
107
560
1214
976
1234
1826
438
1504
1291
790
942
247
1968
1632
844
1278
1884
1939
1667
173
112
1376
1604
798
265
145
1766
1861
1105
1510
1433
1118
1845
655
310
742
102
939
795
814
1427
399
1270
1981
390
523
543
1637
1821
425
442
665
508
294
1436
476
1937
198
478
477
392
691
1903
129
671
1013
766
1777
380
280
664
1301
109
634
959
465
1856
563
539
799
531
1962
1813
716
1374
661
33
647
1504
960
298
1414
262
1393
868
779
1683
1051
1406
935
11
609
1766
1117
258
766
49
1770
1461
1314
1866
1379
182
334
922
879
381
723
1929
118
1645
1224
436
825
1460
1354
1791
1492
1654
1688
460
465
700
1967
684
1726
473
35
916
1201
1597
1151
115
842
925
1294
1091
1098
338
1386
686
1010
1184
1444
1506
94
1562
1894
1624
1236
579
1813
33
311
519
585
1953
1904
107
417
1648
222
1026
339
1902
1197
593
1633
1975
549
580
674
1654
1987
930
1886
1534
765
974
219
343
1522
1664
1816
405
112
371
1512
207
202
1423
929
205
1689
569
1492
99
225
1001
1343
941
1335
812
193
907
1793
139
14
415
78
475
355
484
711
1797
827
496
134
761
451
1261
21
670
250
1956
922
189
1884
602
1793
1182
1457
1231
185
338
209
1076
948
50
1563
221
1897
135
1285
839
171
619
1478
1099
639
1024
1458
1026
1306
1311
1637
1371
936
835
1603
331
1844
1079
1438
724
1828
525
1801
1817
1283
352
1469
896
85
395
506
456
1350
218
367
1948
516
1329
173
1672
1006
27
776
1404
140
902
160
1998
561
157
1790
1476
1614
1573
1474
1042
1944
1948
1708
1792
1899
1758
473
175
1008
1897
1136
1885
1117
1907
1661
1622
1692
410
861
573
639
540
1115
571
1745
1560
986
647
127
1283
1315
455
1385
191
1457
437
291
1561
1690
1860
449
641
1857
692
722
591
1801
324
939
339
588
1112
1462
269
1452
1275
204
1647
1769
1573
1809
1519
1300
784
1071
1648
163
1463
373
1507
1317
1632
752
1417
872
1259
1002
1580
1897
1786
1938
607
155
1587
1340
1442
508
660
1594
1994
1315
998
1866
1280
989
1781
849
104
778
1678
1721
597
99
1401
1846
1178
1263
1417
863
1139
1302
1504
1354
453
1732
280
392
243
1970
1999
1346
1394
609
307
132
95
1831
1918
809
559
687
530
534
966
203
104
203
1788
381
1333
1367
828
1559
1999
1467
638
223
574
1969
1223
1414
1125
206
1087
1834
1522
1365
1859
1161
531
349
1692
1081
108
245
511
614
934
839
630
779
1657
971
110
260
813
333
65
1570
29
48
695
768
1356
1460
760
1446
76
22
533
1132
1677
1718
1704
352
674
446
1800
1435
105
1313
464
1280
604
1362
978
422
51
87
391
151
77
1069
874
1081
574
477
1622
1101
42
254
1213
1318
1666
172
1706
1165
365
889
1160
1426
395
35
1107
676
1334
1158
559
1875
538
642
1720
613
1558
400
809
520
146
401
257
1496
130
375
754
113
1371
279
27
151
1958
558
824
163
67
419
1287
1263
1647
1597
1278
1110
1656
1991
1371
1109
720
1568
844
374
1231
455
768
1294
1998
87
1916
565
689
687
210
1446
1939
1060
1551
1879
1640
730
179
74
751
1921
1158
196
1047
1900
1113
1758
1219
567
1690
1818
783
1641
1707
664
1636
1863
1989
72
1770
587
1784
690
1598
469
470
1925
964
1472
944
412
494
1992
1056
631
1373
217
697
184
583
779
123
76
1241
1805
843
1740
1214
31
162
1156
560
1716
1956
724
702
1015
1540
469
142
765
1958
782
596
138
196
726
1092
104
324
748
980
1285
1289
564
837
1804
392
165
1075
615
158
689
1722
354
1152
659
890
627
1554
1104
1998
1272
1276
1190
954
849
329
1914
914
1727
1409
544
1522
861
393
283
827
574
1785
1080
666
1334
1294
1429
15
861
1777
1880
444
161
136
1005
1452
202
1706
1918
1638
1075
344
1513
577
872
1049
1710
1194
1675
1478
584
259
1595
903
367
1613
838
493
1258
1689
141
1921
202
283
632
1277
1236
1680
539
505
446
1057
394
424
429
840
1561
1091
46
1618
358
181
244
133
1658
1609
641
179
701
1505
1640
15
1177
1656
1713
735
753
729
1981
578
883
609
1756
564
1612
1889
990
255
203
600
1159
1827
471
1441
85
313
1636
984
22
1268
1892
146
693
1289
1962
733
773
1072
165
917
241
138
842
937
1106
149
162
589
1106
862
1909
784
625
1494
966
864
1589
1383
642
1020
1367
1960
1378
1370
123
831
568
425
1407
134
1434
793
1207
1073
1336
394
1720
446
1475
274
275
493
945
1906
1988
466
27
1050
1356
1720
1401
1996
1499
439
1985
1886
289
985
1611
148
214
1705
824
1676
1656
653
1364
1563
1556
1957
377
1688
185
772
581
1607
1065
462
1230
1736
336
1954
1652
1568
282
1065
536
1080
368
1119
1787
837
994
209
1993
951
1947
407
1703
245
1312
1668
1082
1016
1802
1579
634
1046
1175
1844
1847
1490
1835
510
746
1682
780
1607
478
96
958
393
336
1572
284
247
291
370
1864
1656
1209
1455
1955
1362
1807
202
1056
1050
1000
1064
1606
1147
1309
1711
581
69
1506
423
1562
471
1724
1982
245
687
273
954
123
1521
1536
212
7
438
1746
658
1190
535
160
789
1155
1882
119
484
383
1546
281
632
1348
1869
1141
1402
1467
706
346
1545
1533
1978
695
31
55
1144
934
661
401
123
793
1302
1920
1323
677
1458
1497
257
974
1043
1801
859
1283
1316
1570
640
1867
1904
1304
769
1343
1497
477
192
778
298
1592
1637
622
1199
1885
1101
840
1282
857
502
358
1416
1532
152
631
1997
124
309
67
428
566
1365
1212
1668
1080
986
1413
615
157
1354
1938
1700
519
1694
1199
135
419
1254
1221
1711
1913
720
58
1472
131
568
696
281
1584
992
544
696
473
355
784
412
147
631
1410
1739
933
1441
1206
165
1820
349
1891
151
1388
253
1513
148
1737
337
1402
33
1751
295
1322
816
990
948
324
447
1314
180
430
1072
1985
78
655
1308
126
987
624
1603
749
344
384
1223
223
26
908
138
1248
49
1870
340
735
79
1205
1433
45
90
1173
378
233
127
1151
266
651
649
628
1363
1103
322
1078
73
68
1529
831
1695
1012
1829
1142
904
1335
728
174
1697
1779
294
656
1485
262
968
1788
944
262
348
651
591
1400
767
201
775
1120
1261
1233
1149
1272
1927
1240
1974
196
1637
958
1655
388
1886
1186
543
699
502
1461
1235
1120
1543
1329
1273
18
947
1018
633
1760
1031
1477
481
1322
643
1065
856
290
666
851
68
102
452
717
47
305
1211
705
1078
432
54
1018
1700
835
1183
1579
255
1236
1820
1348
1888
460
683
1490
1784
435
1870
1093
897
392
1353
1831
1586
1874
1066
555
1719
950
1496
1460
176
1033
862
1272
1575
1127
1897
1556
1144
309
655
817
1836
1267
370
662
1285
1078
1061
687
1729
1748
398
1742
664
849
61
1920
759
921
1707
1107
1234
1678
326
1175
1541
453
331
1666
1564
1675
1396
1144
403
1149
612
1882
720
984
432
685
1487
1102
688
606
1341
1178
742
36
937
1860
222
230
487
1896
1638
1294
1958
4
1311
782
1668
1968
1011
1826
272
115
105
198
352
243
1383
1080
292
1628
215
1376
1722
133
1741
207
770
1839
1287
1877
1301
334
1014
1207
1937
1244
763
1936
743
636
260
743
1033
1836
1417
353
1582
830
1410
1336
711
8
1147
1164
1206
106
1946
1816
1997
1968
560
1719
340
1528
158
1336
271
838
1561
320
1375
1013
1392
479
263
1328
60
1253
1873
306
265
533
529
426
757
9
1098
146
1734
24
1264
561
1104
1894
1101
1599
1334
1882
199
1721
1680
357
1745
1557
1213
1
753
1272
1883
1496
290
118
1188
758
746
1336
1259
1185
1229
1348
39
1767
1971
969
622
1464
1448
1322
598
357
1250
1565
39
1097
1639
1076
21
55
1744
619
444
1843
1192
1602
1980
949
41
860
1510
1818
568
233
1591
829
735
513
228
422
540
1057
1958
1585
1559
11
200
50
1673
1496
1438
1927
923
1057
408
1518
1308
1678
1463
1816
1847
926
239
269
611
1671
1836
1537
1852
480
137
1688
673
1053
286
166
783
1738
58
889
527
635
1042
218
1499
1778
1848
1904
1733
387
718
616
43
1428
1116
1058
1221
120
1552
1533
1601
1198
1045
341
673
677
1639
779
1794
1394
757
1750
479
1892
1735
1608
55
1943
242
547
1324
1656
1850
684
958
1000
150
1633
631
1460
1466
999
710
195
1984
1159
498
113
167
1417
1143
828
1777
1392
1412
1324
679
1784
696
983
1712
685
841
1765
753
1902
135
545
1062
369
832
1153
1169
664
357
504
1394
1380
1404
505
744
616
599
462
1238
1809
1268
570
57
516
742
299
1784
23
1571
115
1581
228
1103
936
675
1339
489
1785
975
568
1236
1428
1123
869
1784
1510
1568
688
681
1155
204
1151
824
390
309
882
424
794
628
889
707
457
1508
632
301
1780
1988
776
25
292
1451
63
1419
240
427
1954
557
1743
1561
1560
822
1264
843
499
1991
1432
435
507
726
108
1819
75
1200
1199
1504
1392
922
189
1875
1837
233
264
1725
580
1267
178
435
354
1013
637
1434
1402
437
1887
1500
1093
441
1465
923
327
1082
617
804
1764
1907
334
24
404
1374
779
1383
917
273
1647
1949
1792
819
756
1681
1791
1269
1511
1690
1996
1391
391
1157
636
984
1840
53
590
137
1738
1209
142
980
1741
851
1806
1744
1367
1432
1495
1832
1969
531
219
1797
990
878
1071
279
1269
1091
135
763
112
207
1762
26
1798
1129
551
222
550
1297
1247
1402
884
1723
1045
1337
1576
1118
1050
966
1412
903
1693
670
1862
611
1771
595
1471
1420
691
850
1891
1683
493
503
929
479
1083
1951
1173
1972
352
525
1883
471
880
208
695
177
1223
565
514
1521
590
360
1862
102
1323
832
1262
717
312
1932
535
487
86
1720
251
1455
66
548
1232
314
1353
1766
1211
879
920
558
586
217
1350
346
930
633
1062
1003
214
1985
391
1207
1209
350
1725
432
1125
1237
1189
1349
60
897
228
1526
1550
1275
145
605
1691
1595
245
1339
779
1790
1391
864
205
1976
108
1950
108
1066
1798
768
1928
1175
972
295
707
116
1378
1589
74
974
73
77
1991
1215
1250
425
36
1683
318
718
1842
552
1306
1036
697
1844
1273
234
546
1259
65
1394
692
1536
1867
680
603
1787
1924
1008
1135
108
649
1376
851
1135
1650
1139
77
1071
845
1311
1077
335
446
1081
1425
791
1877
1639
191
1883
336
1333
1124
1106
1075
892
1333
1252
1797
1007
899
213
1083
1512
235
1441
490
1490
1230
1640
1144
951
526
1611
324
45
1290
391
1320
1628
1516
434
1755
595
736
579
1499
1290
1687
454
587
1050
1212
527
1048
92
1446
414
1074
1359
335
132
1544
1918
964
1493
452
1345
1246
1246
313
881
960
1048
858
1857
625
140
1661
843
731
441
1887
505
740
1780
1528
1637
1293
47
1937
1154
281
1708
1685
1707
1904
1267
198
1228
1668
978
114
1295
931
1733
1109
330
541
998
1087
1575
424
437
1912
1731
1266
490
51
1418
1319
666
1009
1650
1379
1625
519
1799
1897
95
626
6
1284
237
521
750
109
673
1667
1587
1823
919
922
1653
839
306
1344
992
1695
1435
689
388
572
9
1912
1223
293
1393
310
121
1159
543
1263
1593
1943
694
647
805
1143
1924
621
39
1692
1928
1782
1998
175
88
1021
1849
818
414
361
1483
836
754
1199
1547
40
782
633
282
483
1821
1799
730
1844
1044
1684
237
1720
486
987
1388
1726
306
1899
1209
1976
159
713
998
1779
251
1764
86
1400
1919
1582
659
755
118
841
1874
324
544
848
1764
307
241
1832
1038
1961
1695
1941
1242
1388
124
49
1103
1450
607
1882
894
842
330
1370
1262
751
695
1469
1434
1694
451
1598
472
946
735
1187
333
1309
564
1370
1647
1024
599
355
1738
1727
477
1551
247
846
161
152
666
624
1522
1267
362
1186
449
196
37
2
924
880
101
1813
292
56
1981
1641
1477
1891
1256
1271
582
796
1380
1213
1487
1038
1354
379
1883
1613
1969
1628
958
1783
883
1431
1655
794
543
1174
633
743
464
1894
1286
1622
13
1983
1308
299
1202
1334
741
1993
735
1600
761
1686
655
1770
1318
1744
1292
710
1091
861
1072
488
960
1688
318
1058
1233
250
1249
1660
1661
1446
869
1368
1105
506
1109
579
1274
835
740
1600
1235
1983
1295
1473
1115
952
258
1847
1098
223
90
93
884
1766
1562
623
1406
547
130
319
769
785
1052
250
1709
1272
1976
1880
1791
1439
1626
739
101
961
1938
1451
560
878
1020
1670
1947
1363
1848
1484
123
844
1309
1491
87
1320
1689
280
1370
1357
667
1136
214
1901
1860
1309
1306
552
1226
899
807
499
1391
861
1887
1786
866
92
398
1394
707
1871
781
129
1724
105
4
337
1262
526
1632
1042
649
415
1509
240
192
744
709
1381
1740
1384
1825
719
1983
673
1662
1636
379
751
1468
1668
1011
733
1298
63
737
1558
141
1144
634
473
827
1114
767
1601
1507
218
1925
1731
599
829
663
312
1419
587
953
1054
167
1315
511
1801
1963
1920
783
1519
595
476
1412
1300
1275
596
37
274
1939
75
1621
861
374
1539
922
1621
1143
1657
1091
1693
877
848
294
1676
785
1408
280
817
1412
592
496
1180
694
129
1645
1130
1204
92
918
1120
289
1823
1410
411
839
1987
1800
967
1455
1393
953
655
975
1861
1677
179
1076
1428
299
1264
672
1274
1373
636
1492
246
163
736
1217
1881
709
171
139
716
398
1124
1583
1121
1623
1360
1286
957
1777
676
1818
692
1991
1244
1704
276
1251
653
1622
1031
1855
1848
598
211
1758
159
1162
1219
1292
556
858
1275
1218
1759
149
583
1902
824
564
1428
386
1126
228
323
108
751
1813
91
1414
1920
1629
1311
525
1974
1490
335
1591
1326
1912
1442
992
1674
1527
179
1798
1125
32
1787
134
1655
785
1584
1509
492
359
1676
1347
82
1347
1168
1436
354
1855
1033
1488
1680
1522
1091
886
1285
593
429
1356
1661
1560
1342
433
220
1290
998
1494
422
693
1127
402
79
1081
1589
1476
895
730
1194
1726
1594
483
1503
64
1134
1452
183
466
1901
591
606
374
1389
551
1298
1484
1630
234
256
1911
124
1368
226
1920
614
1060
1606
1481
1277
722
1090
1364
1168
1489
1031
484
471
986
1939
1988
461
1384
1707
1558
467
1499
1816
1678
1059
968
913
224
34
1298
905
519
1945
1518
1657
327
357
1795
704
1189
956
1568
1242
1733
867
931
383
1939
605
870
317
1797
1542
1276
1288
272
561
1852
96
26
1694
380
1955
720
1968
1633
676
1897
1997
757
1276
1946
727
746
304
1242
1930
734
3
408
1558
576
1260
267
927
929
570
1194
82
1038
550
1357
1083
1148
26
179
1540
676
145
1589
800
593
1742
906
600
534
464
1660
1541
789
678
778
735
1982
1440
287
1973
148
213
131
1917
166
1259
1472
1214
315
1460
1543
1564
639
1158
483
99
461
733
1710
1047
1004
1748
82
1083
591
1985
802
832
1592
1072
698
1536
492
1395
371
1019
1436
55
1308
1841
1698
1066
901
1600
73
1820
108
1968
626
1043
829
429
949
1794
821
1908
1812
1660
1832
1970
1237
917
1251
440
465
522
1572
387
1304
1314
552
1914
519
1812
100
793
1788
778
744
1982
761
1158
800
225
1255
947
173
873
764
1903
1283
620
239
1815
451
246
1675
931
1451
1213
1250
1956
572
1428
1716
1594
125
174
847
762
1582
1221
713
1727
1295
267
763
703
113
1569
399
305
1404
1606
1405
1614
482
17
674
582
563
738
1315
212
722
340
1023
467
1255
1895
874
1810
1799
1502
1433
1093
513
276
873
798
1065
1092
309
156
42
1640
408
1010
1510
321
1118
666
290
1624
721
859
800
884
1890
185
139
1229
1750
507
554
608
819
1762
1022
323
10
1048
974
506
1031
438
1110
555
1334
474
1386
1695
840
73
1152
121
325
1521
590
492
1636
194
1489
1799
1609
1213
1920
1827
638
1468
992
64
852
1348
696
1916
203
296
887
534
1136
560
708
178
310
1545
662
365
168
62
789
98
1757
871
1616
1581
1916
1904
720
720
65
1036
1884
116
1873
1835
1070
626
1642
1802
486
882
1486
362
1757
546
1409
1059
1772
75
1616
1193
845
912
1621
1983
1665
1976
87
795
1459
46
150
58
765
1606
1799
1493
617
674
269
724
1546
21
617
753
796
1848
1890
287
425
1627
1063
172
653
109
4
1764
843
1967
99
952
1393
837
884
286
297
1854
1152
1386
1841
374
714
989
380
1497
1479
1453
1002
331
1679
293
1237
1749
1620
797
1326
1602
1090
1372
1495
1354
1718
1213
1457
93
899
96
744
1765
1475
50
1229
773
715
222
596
1974
1121
725
1838
515
1346
1836
586
290
1726
949
423
805
935
897
1260
1665
202
1267
1803
1087
1163
1095
899
1361
568
1940
949
1655
1414
976
1097
1698
544
1379
913
888
97
1069
1982
681
1311
1052
1489
1872
1771
1817
611
941
597
1810
1033
1059
1893
1820
690
1789
486
1449
1618
1541
1365
1960
1460
343
1307
765
587
211
1318
913
1001
1778
862
1306
1747
459
470
1612
388
1413
209
849
1728
1983
103
967
876
1310
615
1353
604
1686
1759
353
1020
1165
761
316
899
443
728
1374
820
22
1123
758
1174
189
1776
1620
726
1362
901
1242
923
109
1290
1696
1514
1310
1826
1436
954
1619
427
722
1482
1770
980
8
1873
585
1295
1692
678
972
1094
233
658
1726
1377
1175
898
1259
24
83
864
1652
54
1791
563
1524
783
1098
933
834
1379
1330
1382
424
1363
1128
1983
1603
18
1269
184
1308
1567
1867
1838
1398
834
239
703
392
724
1317
1783
332
1636
1499
512
808
870
1978
788
333
1726
138
855
974
1566
742
1682
1204
1147
431
242
830
358
1876
34
110
1113
466
1846
1937
400
1432
57
1838
218
766
216
675
336
1798
1680
620
292
34
101
1157
733
760
341
1825
1265
1203
123
1691
307
716
551
1197
1824
1977
1790
1423
1012
227
350
1665
1090
926
1828
684
611
1588
1521
629
237
1298
153
1060
568
871
846
948
1900
1769
1932
1930
511
1227
1141
267
1981
747
1136
265
472
48
237
205
1714
1012
636
587
1224
925
1438
1106
129
1906
411
659
567
75
1765
484
916
777
1836
1940
1856
1256
1540
432
474
1522
1315
1463
1556
1781
511
427
1428
1751
1223
185
423
1929
239
1530
248
297
338
1514
946
684
115
1385
658
1499
372
0
1487
1196
394
1237
366
900
1824
1442
1760
1163
1947
1730
1743
33
1309
1933
249
1567
718
1350
443
1072
231
610
481
785
896
1804
1804
438
140
742
1109
287
1874
802
128
1946
527
673
836
170
1770
554
810
440
376
1407
532
1817
112
1981
1504
223
1985
210
204
547
323
1396
443
1491
571
382
1912
1545
1826
909
106
652
583
284
633
394
419
1308
655
949
1805
536
594
733
880
1415
96
1742
1561
1539
939
1451
292
857
72
250
697
97
1346
529
1778
1152
51
1938
289
524
181
434
15
1903
1013
0
1047
1135
313
916
691
541
1060
1477
1287
635
535
1519
1453
547
361
771
383
806
953
1649
780
1554
355
1652
468
759
1841
1740
1430
1451
1188
961
380
1836
1827
1510
900
821
1106
1739
1554
1892
326
1319
1363
1403
1319
966
325
1157
231
1551
325
1180
818
569
313
712
998
1534
751
873
196
128
916
1464
1527
506
377
1386
1124
1306
818
358
210
733
337
1257
667
1979
818
615
1235
500
1592
1060
1416
1162
615
452
1290
1585
210
288
157
1956
600
889
364
138
1674
1169
640
1576
1441
199
337
951
1133
515
1228
1881
223
227
277
1304
970
1732
461
527
1463
1941
1383
1741
1097
552
903
1366
976
409
12
252
1024
308
1056
414
1540
401
653
478
959
787
1
137
499
1
692
1778
1606
468
1209
528
81
1794
1732
393
73
1561
1067
1438
419
1136
1006
1705
1411
1210
1179
1075
374
1372
588
1595
1008
1184
1860
211
439
458
378
588
1554
1275
1557
885
988
1908
280
15
557
412
527
1412
906
837
298
201
266
251
760
817
28
1102
904
659
920
322
1852
655
1667
1077
1182
1708
1622
897
1271
1781
304
369
1533
1317
1179
168
732
224
1708
1632
936
451
238
1312
1889
1982
1889
1473
312
1809
1550
18
1665
20
1406
1386
1048
891
1531
1118
1832
1561
983
851
1018
1396
1019
470
1611
1273
466
761
224
17
423
1008
1597
915
1707
716
1620
27
203
1895
859
1788
1713
802
1409
1201
521
155
1057
1033
806
146
983
1588
374
620
1890
1352
419
585
1722
1001
1131
1459
788
1352
834
184
356
75
1398
1242
1938
61
707
1396
719
1014
743
495
936
397
1160
164
1772
77
756
964
1546
181
1336
1047
1551
516
661
1522
1774
261
687
1580
608
23
1640
1153
510
176
109
1288
1227
1249
334
130
103
1549
259
1171
1217
822
1356
1046
892
408
889
1515
549
1290
219
20
1507
1698
1514
32
1952
1720
344
694
1127
861
1238
22
1901
140
645
252
1828
80
1919
855
638
1864
1351
1448
1647
377
1277
942
117
595
534
1585
1115
1254
394
1949
524
629
447
1665
1445
75
1479
1495
1806
1997
709
326
1561
208
485
182
1451
1788
668
1956
938
128
1837
1399
1448
711
13
1746
831
1610
1544
1929
1948
1224
565
600
1296
1172
583
1186
1492
1373
1542
1320
621
147
205
314
560
951
612
1858
535
324
1200
78
1220
1533
744
1373
1061
678
172
158
408
1287
1761
1077
1152
1662
1599
0
537
1204
143
1400
1736
1506
622
1995
1125
1332
774
712
381
1630
1599
524
371
734
337
1005
1622
530
925
708
1576
1915
1084
336
126
290
1175
1655
771
1897
1192
544
1810
1589
881
319
99
1146
891
1280
1524
566
865
936
1931
530
1310
1447
203
1702
211
466
1685
1516
29
1423
1504
1192
1558
529
588
246
1818
391
83
1091
1725
1040
1456
1456
219
593
1188
1652
895
1098
886
1217
1703
1013
666
585
1575
1744
1685
1506
1309
588
448
199
1829
1350
634
49
1901
390
739
1174
1195
261
197
1103
1693
1652
5
31
1952
1914
11
867
933
750
749
341
1089
1206
626
1685
83
1118
1524
1305
1131
1197
583
419
232
1187
1370
1924
1698
1671
347
1775
233
960
1711
1313
829
177
641
863
704
1675
362
752
728
1869
1506
860
264
1502
1942
196
209
1038
362
1012
1124
936
672
358
1243
381
185
168
1673
1293
1754
496
222
262
834
1438
399
306
523
531
1765
636
655
1616
1444
963
317
257
174
193
1691
1563
1032
61
1517
420
366
1087
550
290
594
1860
686
581
1354
434
1205
1064
618
1437
1959
853
303
1995
656
153
894
1765
672
1032
1899
1870
82
354
701
1417
185
981
1506
1605
1772
996
799
139
1700
424
586
76
626
1061
411
1828
1733
288
47
1091
1580
1679
174
1372
137
225
928
1630
535
975
251
900
1597
1075
1631
104
1202
1383
1766
1884
162
1345
1573
1692
1761
1293
39
205
1855
1866
1532
1418
829
250
221
1985
319
4
1332
1385
610
795
89
374
543
196
846
175
751
1395
1727
1279
849
1591
1572
138
1530
1399
985
338
204
780
895
827
1290
161
259
1611
394
1464
783
1701
1819
30
1536
744
760
769
551
690
1821
288
1059
315
410
1571
1438
1391
1877
637
1943
1963
836
1150
1568
1051
1643
93
1656
1923
1714
1094
554
1500
1306
1904
1127
1809
1089
610
1746
714
1603
326
1194
648
899
157
92
546
1770
501
57
782
143
792
886
948
1592
1734
1298
863
1039
1846
1981
1285
631
488
1383
713
1312
1231
261
1662
777
620
939
510
246
381
1286
587
1970
1336
456
309
1765
1682
1177
957
1097
548
988
1881
1769
368
767
217
219
864
1271
1800
1087
1375
299
534
119
828
1855
566
89
203
1907
83
723
1262
716
1720
142
1491
211
175
1142
383
508
1161
1480
1931
1145
575
1676
1726
208
615
1941
875
586
219
1590
380
1949
1751
406
1278
604
721
1606
478
92
1997
1427
1284
1514
48
1271
1327
1626
1621
84
273
1251
223
1475
11
1593
1278
345
1563
1755
1492
12
325
446
1737
1348
656
1928
77
148
497
593
1326
1642
125
214
379
1748
1547
256
919
1206
824
516
1681
809
271
1275
339
181
1431
197
1945
1394
1950
1017
165
1707
1847
1728
848
1203
1840
674
1394
1452
1702
1040
853
1398
1756
595
982
1572
409
1972
286
1893
1297
318
1856
896
1399
208
1363
1840
1393
87
946
451
1292
1451
1313
1885
1105
8
1394
466
1399
1087
280
1299
1978
1757
939
87
316
1484
797
1966
1499
1001
1388
1186
547
1382
809
943
564
1760
1496
1652
1591
610
408
1561
972
714
484
626
1527
444
1819
324
1549
70
189
296
1225
980
1558
830
291
1285
0
83
418
140
771
1317
1456
1819
431
1558
1039
1852
653
926
