3888
2521
3121
294
1388
3304
3732
3812
681
4379
1472
852
2409
4214
4042
1236
3001
1748
3183
1980
1043
810
3779
4178
934
4136
3253
4989
3680
3141
2771
1239
1390
2762
2794
72
2114
825
1648
3672
4902
2583
173
4053
4392
4703
1742
998
2759
1504
4036
3694
380
3513
684
2460
2611
1052
3184
1010
180
4897
3261
749
1484
4932
637
2540
121
2408
1368
2891
734
1821
2782
705
3299
1408
4664
2616
16
1497
2695
2886
2058
962
4877
3905
2135
1983
2570
967
1190
696
4649
4398
203
1630
4075
3073
3609
4189
3875
4284
2287
4462
4508
3001
4504
176
2368
2899
4621
447
1506
3450
2982
4677
453
4200
512
4032
157
1419
3336
924
4294
1556
3441
3770
1444
4087
4882
304
1914
787
4699
3418
934
1868
1952
4857
13
3774
2447
4226
331
3020
4694
3642
4876
2458
4240
384
4977
4895
3953
1819
4621
1710
4279
1110
295
1199
1956
1281
4365
2153
1361
2144
2933
1970
2532
689
2823
1753
2620
946
4946
731
1148
464
676
2909
1910
3071
1437
426
1713
2623
4189
1701
2894
651
701
2063
2487
111
171
3788
2224
178
2289
4475
2771
2073
3855
1237
3062
2566
880
2224
398
217
3211
2139
4298
3597
3698
1316
465
1198
3319
720
4948
1008
3109
2538
3235
1179
1644
1223
498
2062
2769
1520
1068
873
4533
2281
4411
3287
2340
1338
1214
4899
3977
1852
1507
2314
135
1837
1463
640
1235
3615
2131
3575
488
4981
3904
3565
3393
103
2646
3421
1822
4512
1001
881
1344
1221
2173
3925
2751
1721
1467
2903
3463
1102
2435
653
573
2230
2836
4903
2224
4818
2154
287
2253
3258
3839
1045
626
662
1692
959
4415
827
785
48
841
586
4035
840
2521
4685
4205
85
1596
1835
929
2287
1284
2006
2888
3705
2870
3882
3753
1391
1501
4968
4254
3787
4150
3787
1148
1924
3661
4346
1044
1024
712
2487
4780
936
3505
4119
4347
1996
65
1114
165
2505
3291
4949
1796
2624
3663
3246
4455
3216
3847
1447
1542
4422
2606
2718
550
803
2423
452
4273
615
3708
4156
1914
1660
1240
1574
1991
581
3926
588
4344
4368
1299
2508
2678
2466
2384
2702
46
4866
820
536
1736
2511
1930
280
994
4237
2782
2730
914
326
2645
2946
1732
1541
1013
643
4104
2481
1066
328
920
1487
1459
3170
2224
2664
4652
2163
4565
1524
3164
3810
506
4006
4193
488
1833
3875
498
1802
2742
3589
940
4095
1554
4651
2329
884
62
1262
4438
2222
3374
1317
4676
4695
600
649
1681
1660
1380
616
1374
1582
934
91
1531
1406
673
4139
546
4262
14
763
2609
2430
2492
606
604
3899
4418
2420
897
1046
1210
3553
533
276
4848
2479
287
1345
3811
1716
4091
2898
3506
574
4449
3987
1147
1069
2654
3205
3784
4138
4499
660
3914
2334
1005
3952
826
1149
1292
3929
4957
4508
63
4608
1110
1672
4583
3723
4506
1641
2474
1080
3352
3263
211
2070
3448
715
231
464
3589
2928
3523
3851
3444
3307
148
2345
3119
1800
375
886
3933
3270
1817
4427
4012
3141
4281
1417
4370
519
1364
416
2471
1821
520
1847
3254
203
365
3838
837
1046
2192
2186
267
844
1634
1888
2001
2884
193
4822
2948
4471
260
1901
4513
4262
228
2171
329
4558
4816
1696
807
145
3305
1863
2271
4438
4895
3167
3809
1564
3619
3737
4053
4506
2207
1356
1121
914
3930
2688
600
3823
1304
1239
981
1571
32
4386
2568
2741
3871
1682
176
1291
3165
3549
993
2172
2646
1491
3727
2249
3748
3929
3267
469
1666
3262
997
490
4299
2092
4283
2581
612
4848
4192
1300
4671
509
600
2366
481
4173
2034
243
4765
3457
942
4933
586
1123
3688
2263
818
537
166
4917
2956
4389
4022
1979
2380
1298
4643
314
3065
4409
2330
3840
719
1412
1119
1271
4117
3402
3013
3912
2833
491
1893
4793
434
3110
1429
996
1974
4226
4724
113
3236
2489
533
4375
2084
2619
586
4366
1686
337
3219
4280
2584
4783
687
3913
2395
2872
1617
1140
2696
3676
4645
4903
358
4469
2093
4233
3887
778
1247
1635
1651
1819
2737
3596
156
4022
4807
3161
2556
4016
4323
4636
2507
1735
3582
4220
3221
359
1526
461
2514
2155
1024
3960
3279
1487
999
222
3829
563
2293
65
1025
2601
249
3027
1171
3595
3794
3435
4362
1638
514
3852
23
2963
2878
4967
408
1839
3292
2340
1048
193
2181
3973
261
4188
4805
835
4674
2372
3680
2604
1701
2102
2327
212
3074
1779
1755
2467
3849
4292
4072
2800
3574
1516
4901
2244
4223
4793
4875
1401
2122
2173
3684
2491
2119
3564
3646
943
2124
1814
15
1460
4935
3015
3402
4623
3337
4132
4994
314
3673
3409
1382
1511
3893
1097
4773
2145
1912
436
1644
1963
159
4831
965
2613
1118
4880
1226
1276
2483
2384
1930
4920
3433
78
2010
2659
2799
3569
4767
3649
2937
317
4538
2482
2318
2762
1405
2383
2707
1489
3605
2508
184
23
2712
1282
3737
4367
1960
560
1584
2698
3312
4586
1880
1762
1863
2650
669
1423
1658
4149
2729
1153
4742
137
249
2687
1429
3446
4521
2174
2639
3978
2285
262
3101
449
3441
297
4370
3916
4163
1493
1843
2064
4719
2507
1313
386
2914
3080
1739
1809
1122
788
600
292
2453
1633
269
1366
1714
4918
1339
3710
1613
4875
101
379
1838
3607
2151
3392
19
2088
1226
579
1764
3258
1120
284
2175
4579
4874
4932
4332
62
898
1227
995
1015
2677
486
3397
4182
3632
1504
2224
1078
470
2416
823
40
872
731
4016
3459
3421
3363
351
1462
4452
4224
2851
2081
4184
133
3863
3552
754
381
4075
4601
3357
3463
2363
2632
1389
1320
4935
3440
4225
1216
3204
4076
1275
1839
1620
4702
1412
4728
2033
535
3581
1013
479
1329
4347
4573
2129
105
1002
2660
2188
4048
805
3497
3387
4971
588
4045
4466
2184
2407
3674
3775
3395
3745
2314
1660
4498
1976
4529
4274
3166
3723
1389
658
955
532
956
765
73
4345
1590
1430
595
77
4868
2158
1335
148
2497
64
4350
4846
3304
3773
4950
3306
1917
2499
4414
2911
936
1521
778
1966
246
4589
2479
1164
298
617
1472
3127
932
3499
3370
1717
4632
4651
1668
861
4186
1578
403
4095
4160
3657
4428
2391
2872
863
3371
274
2659
2974
2995
575
4945
3536
4774
1762
2462
4517
2663
2099
3606
2384
1621
4526
389
4987
1347
3158
785
4991
2622
2035
843
328
1790
3070
3794
1312
943
1145
1723
3747
4250
3684
2006
2130
1295
565
1786
3979
4669
3423
4459
448
1949
1630
1354
4270
20
2649
1430
816
1175
1569
3497
445
2427
2056
765
4007
3524
1397
695
397
2174
71
4877
4532
1154
4071
4220
1960
555
3898
2501
648
3305
3879
3984
587
1605
1813
1648
165
1350
1088
1113
1574
1003
4006
1255
1404
394
156
993
4775
3135
1454
3933
1573
3584
335
1261
3943
4352
4964
4202
3243
3066
1447
3047
706
2688
1074
3897
1981
3556
2778
4925
3267
4222
2679
201
4862
1487
2576
3503
1335
2773
3659
4247
846
2400
1204
4949
1317
3828
470
195
4087
423
2232
2159
613
2428
4425
3095
3576
3320
4846
11
4294
3685
1474
4467
2502
789
2600
1267
4821
465
4917
52
3310
2074
3480
2868
4693
1023
3902
3040
2404
224
2920
2712
505
418
4336
555
2328
755
1524
2532
4868
3567
3969
2309
811
2940
4659
1795
1426
1554
867
274
2758
1663
1058
1449
3893
3946
3925
2760
1947
4133
1761
1641
4801
520
4616
2821
2906
1628
300
3120
1655
3477
1147
2214
1878
2698
2515
4215
1022
2889
2327
3001
3581
3110
3322
2133
725
2108
3307
3005
2604
4471
1954
1963
4363
337
4785
2292
1657
4059
222
1791
3839
2829
864
1296
622
2177
2647
2665
464
589
3680
1019
237
3479
680
2440
2910
989
4993
2653
1558
909
3795
2238
4271
1202
700
4370
1682
1288
826
1336
3748
3705
3383
1897
2028
3608
327
4592
825
3974
2790
4038
11
4419
2332
434
688
342
4333
1977
2130
1008
300
3802
1590
957
3391
3077
4456
3908
3208
2324
692
2993
3610
2754
1680
2112
4618
1291
4624
3868
4393
1467
3561
3233
2967
2491
210
1422
3553
3177
4935
4678
3276
4607
2064
3409
1300
2670
2049
398
1184
1940
970
3547
1624
2299
761
2392
2842
4067
830
368
97
1338
1607
2345
3831
3299
4613
917
2283
917
3422
4185
3325
4844
652
1638
2505
1029
1061
2126
131
4605
1788
4193
1610
891
2752
4808
574
304
3162
4001
1686
1915
2700
3227
4429
2553
3480
324
2565
4020
4407
4681
1535
3555
1531
2461
4728
1266
4765
4509
4215
1362
2875
794
2926
3588
2268
1536
4951
162
4021
103
584
3390
3225
4080
289
1566
1148
4338
1077
3239
4769
1436
552
322
860
1429
3096
2884
961
1386
325
3258
4870
2415
109
1836
1222
409
3595
2648
23
4443
623
2346
2934
1615
2964
2194
2329
4159
1909
1255
4220
4308
1281
3042
2944
62
144
85
280
3949
4678
4652
398
4623
4031
1780
4893
2146
691
1779
1999
2596
276
2832
3874
3737
2796
1301
4790
2492
3788
441
3073
1577
114
2386
142
1921
2514
3995
1723
3511
1208
3217
3530
2258
1277
2028
858
3748
911
419
2230
570
421
825
1461
164
619
4598
2211
3007
2314
2336
4472
1105
3307
108
191
1533
2557
439
1585
3735
3181
2705
323
3361
4765
2580
61
3941
488
1440
4979
3646
3812
4226
1176
1274
3824
1111
4721
3651
3799
403
4392
342
1533
1270
579
2162
1729
1632
2299
1173
4348
4644
3280
2474
360
2595
4045
2736
1140
1562
3191
839
607
2334
4099
4795
2522
4870
4432
1101
891
2801
1642
2927
2558
945
241
808
1126
4488
1361
2497
4484
3338
4122
3415
799
1466
3882
794
1149
3049
4561
4901
1144
4676
1373
805
1691
3756
439
239
4182
4619
630
1549
176
821
97
3744
2556
613
3562
3964
4391
2474
481
3200
1761
2745
1781
1133
1513
3708
2698
88
397
2171
2511
2274
722
1193
4983
2984
1136
105
3595
2318
897
362
4749
3209
4163
3545
366
4717
1428
213
3044
348
2493
4144
2782
2424
2562
1892
3730
2161
2448
972
4857
2290
1103
3381
591
2760
1625
971
609
397
2795
1808
778
2948
1500
3210
2231
1789
3443
1332
2875
2651
3493
3071
1988
155
110
2033
1928
79
2088
319
282
3523
346
3135
2936
656
2393
321
4577
2135
2733
4014
3987
440
293
4769
746
1795
1540
612
792
1101
1056
1630
104
470
3767
4107
1316
4843
3212
2988
2330
4303
3683
2744
2442
3103
897
954
1235
702
294
3613
1086
4669
911
2541
3106
1471
1151
1688
1824
3195
2190
548
666
1330
4164
3634
2368
651
2126
2610
1842
310
674
1648
3748
4197
3159
368
1918
4921
4392
2245
3539
2819
2827
2240
1564
3209
428
3199
4686
700
3542
1322
2273
1887
2957
2213
305
978
2541
2515
4722
2342
1367
991
2407
2307
3685
217
795
432
4426
3702
4795
1883
1223
4808
3443
1218
1315
400
2304
1352
3634
3536
2429
339
2290
1990
730
261
577
725
241
3553
4602
1301
1490
2304
545
4085
4865
1300
3588
3480
4214
4284
3157
350
2197
2593
2316
788
2358
3856
1161
2006
399
544
1403
651
2296
2214
1458
4425
2736
4982
243
882
2750
28
2525
254
1729
1172
3326
1458
371
1718
2555
898
3578
4550
4656
707
1209
3955
2228
1243
3815
3709
1720
1429
4038
4284
1120
3263
4910
22
1410
813
2154
56
279
1163
1282
1048
1112
2526
1595
154
4059
412
3939
2194
3349
4277
1665
593
4273
1617
908
1163
1761
1403
2506
2119
4603
510
1764
2183
2784
1023
2119
1771
4105
1179
1789
353
3746
4882
4893
3223
3643
2547
2464
2444
4436
4465
749
4755
449
4262
2207
2120
3302
2663
2932
1176
1588
4672
1665
2868
1763
1984
4276
1685
4474
2135
4882
2558
212
2807
3722
4365
4693
2352
1168
2876
2750
1481
238
623
3548
1171
4375
383
3607
1143
302
2342
1929
3411
3046
3058
77
4712
10
4423
3730
23
3952
4559
3823
589
1289
757
3536
108
436
1187
1377
4379
51
1120
467
4568
1373
2637
1500
2788
2741
3545
2891
3552
2707
1627
2172
3534
1617
2271
1624
2227
3528
69
3913
4131
1715
2774
604
4717
2948
4655
1663
528
397
3971
3812
837
2761
2924
4062
2390
3131
3681
3611
4383
1975
2566
4058
3324
608
1792
2550
4130
969
3991
307
1578
3872
64
1505
315
1982
1219
3742
2840
1859
1802
296
521
930
403
4931
285
3568
383
631
4351
3315
2219
534
2264
480
511
1075
2510
3700
2509
4926
2691
311
3780
951
200
1421
3396
1544
2002
310
2580
1808
1629
1641
2122
2701
1817
364
2787
137
1066
2022
2051
1351
1851
3408
2998
3639
533
280
231
1872
4468
3336
1041
4366
4058
2439
4364
2252
2552
2534
4169
4339
4098
181
2482
3058
3945
3510
1531
719
134
689
1413
1127
1893
1321
4252
4091
2136
1030
4118
4579
525
1165
3239
3510
4579
2349
4114
1306
1800
2298
4242
1824
1485
206
3234
2180
4174
2214
457
611
252
811
4241
1661
4974
2058
4081
3149
2111
2406
1249
4734
2256
1763
2198
3087
305
758
3295
2938
371
4819
1438
2841
353
974
1786
2265
2784
437
444
3220
3116
3413
2360
1849
1989
980
4958
2246
2713
1463
3289
48
1595
1781
2319
4674
2780
642
2673
2404
4969
4528
902
605
1421
1803
131
3771
1135
3051
3340
1058
4582
119
2713
3307
2147
1591
4162
4150
2592
2554
3093
4795
1560
2081
665
21
2174
43
4835
984
4538
74
3744
204
4568
4845
379
4249
3363
4143
2498
4580
1898
384
4596
4211
736
4914
2709
4038
3394
630
4797
3198
709
511
4109
2753
1117
2599
3554
982
2405
1552
350
2438
1603
2853
4765
667
2451
322
5
3348
2543
2032
2426
3761
3052
653
2048
28
2624
1244
3729
3809
379
1368
4953
1135
1403
2014
4424
2958
1907
3275
4840
4442
1798
1411
3406
2625
1392
803
3918
4865
926
185
1273
1645
471
4962
1202
4346
3018
2243
4266
3436
3521
396
2543
1373
4518
2593
3156
1264
4692
1538
2300
1299
817
1702
1008
1907
4794
627
4331
739
79
560
260
4112
2681
3742
4627
1622
3704
380
1975
4911
329
322
4423
1549
1111
4239
1118
1276
2952
1318
4324
4958
4020
2206
2930
1857
1737
209
4542
2755
3266
2248
1928
664
2145
1580
3284
3898
1273
1934
4240
2090
2609
2554
175
1613
3757
4690
3727
1627
2727
1807
4007
4780
1462
2541
1349
2379
685
1950
2119
103
2910
1094
3407
1830
176
42
2404
84
1479
1554
798
4853
4410
486
353
1695
266
3975
2590
2507
2297
4180
3182
4765
4592
4616
1864
3329
2341
3002
3364
1080
1133
4621
4712
4163
3094
1608
3187
2038
4232
1184
2576
1872
1396
1724
4245
4330
4300
496
1131
1830
3789
526
2416
1321
2322
3714
4659
3891
4027
3660
551
1926
4213
2107
3211
237
531
1279
2802
719
1909
1135
1782
4539
4239
324
4873
1694
1988
1021
3431
1834
2644
452
1549
497
492
2409
2270
1506
301
3973
2456
3522
359
1736
4161
3654
3734
503
455
2263
3813
2320
4048
1343
4690
4559
4535
2835
4154
1846
384
2481
4310
2247
854
747
1334
1645
2890
1868
2340
436
2125
3618
243
3990
2401
1804
657
1639
1325
2446
3410
2946
2359
722
2815
1917
1494
4745
782
4865
3545
289
851
3414
409
168
4543
199
4294
2234
1328
1530
3576
2376
3161
2178
660
2569
1402
4567
4321
4452
3858
4590
2050
446
1452
3565
2751
1288
1016
345
4583
2804
4339
2906
729
4265
4513
4679
4914
2581
4528
2182
4560
2898
3640
2983
4552
2620
3314
617
2629
569
2479
1659
4114
1537
1754
423
2345
968
4231
844
2524
825
157
1659
2131
3181
1490
4524
2767
4979
2518
3233
1566
1858
370
378
4279
4653
4817
2562
2632
3797
1287
858
1358
509
953
2092
1980
4697
1196
2291
3743
3944
4770
4288
2601
1699
4259
2007
988
4222
880
811
2585
4406
1197
3942
161
2387
2111
4629
4986
4008
4226
2795
2246
968
4056
2924
3169
3563
4607
677
3041
9
2418
162
2698
2549
1923
4999
2833
1125
1815
4723
4881
4264
3666
1617
404
568
3011
3024
4084
714
2170
2605
2594
4244
4385
3183
622
4990
4088
2594
1496
2892
3421
96
646
2026
2124
4205
1679
295
299
1225
3918
3631
16
3643
2802
2195
342
3171
285
3068
685
3792
1107
2688
1338
115
3861
4883
4495
4700
4150
2489
875
819
4478
4906
2820
3160
3789
2366
4083
790
3897
1043
4417
861
802
1828
2472
1943
3757
396
3965
2694
536
2444
4324
187
2302
2712
1539
2017
91
2488
3956
4346
425
69
2740
3233
11
3993
2537
874
1057
2980
4659
1943
2437
2283
1617
2660
4565
3900
4200
2940
362
679
1599
4077
168
895
3398
4633
1294
2601
4615
3606
1223
1034
4772
1392
1313
88
35
4844
4838
2258
4303
1160
1394
1865
2769
625
3116
4954
4975
4837
3575
2819
4194
3378
419
1486
174
3237
391
260
885
743
1113
4268
428
1900
4320
4355
4266
3589
1185
173
4997
2849
3177
436
1464
359
2482
4576
1801
2679
4361
3079
1455
4969
4751
3951
1668
3581
4062
2761
1878
4884
302
336
1988
694
4703
3754
1230
1677
2545
4357
4157
1945
3946
4421
2085
61
2240
652
4888
1898
3720
1699
1036
1642
829
4624
4071
2016
4644
1817
1178
3837
502
2215
2587
4933
2095
4037
3007
2891
2335
4850
55
1217
4982
2429
4025
4916
1773
4016
3602
759
3306
2176
3906
407
588
19
1041
2726
4592
1770
1752
2395
2698
289
594
3450
4639
4212
3916
2463
3241
1868
1194
4032
2148
2394
4988
4324
361
1835
4776
358
4361
1260
3809
4718
1932
3519
3160
497
1482
4150
1578
1798
3304
2350
3001
140
4439
2079
2663
4842
3921
267
240
1055
1429
1046
1526
1364
4861
4757
3866
4622
1012
2800
569
2783
4806
1452
2405
2942
242
2579
2478
2501
3011
3063
2032
1196
2647
3695
2422
1460
4534
1776
4015
1854
2232
2831
198
1100
2559
1997
4328
3080
2508
596
2322
1491
2353
3713
984
2744
3153
635
1285
4177
1776
2266
4071
1713
3840
1138
754
2428
1745
3297
4039
4988
781
1527
3646
2813
18
3485
474
323
448
9
2211
1945
1453
1448
4729
3181
919
1220
3679
2946
529
1672
4661
1317
2177
3049
226
4843
417
3608
1530
3458
652
3628
2284
4999
2531
484
1847
1544
4320
4653
2229
4467
490
4368
4704
3133
3290
496
347
1911
3397
3170
4580
2997
4170
789
3952
2249
4686
4427
4631
2023
1078
4960
377
2065
4132
2738
4920
2534
429
4170
4912
3590
2121
2361
3364
1545
676
646
3059
2856
4317
519
458
4811
1988
2276
1122
4636
2961
1580
109
1044
1410
1298
2197
3708
356
792
2557
3614
4037
4222
1108
2532
2201
492
630
193
1372
2110
1893
1782
3191
4886
4696
3183
150
920
2010
4519
4080
1066
501
4248
2816
3282
3096
2768
475
1436
2318
1776
3923
2035
4440
4261
323
2927
582
4220
491
4655
2474
4441
893
4849
2781
1832
528
1688
4126
4784
1158
2988
4199
428
2657
1504
1737
1836
266
31
1995
771
52
4784
2382
3193
886
4011
1460
3835
3799
235
3738
2496
335
855
3203
79
2883
571
1598
840
1040
932
4827
3440
2340
3116
2329
2184
1472
2649
2467
2719
4746
1740
180
2422
3722
2728
1200
2077
1650
665
2932
4596
2627
4064
3072
3380
4326
4051
796
4542
4848
4281
4632
3275
1697
758
4624
2069
2342
1699
4847
341
4908
4897
3627
2567
167
2703
201
2587
52
482
2314
836
3155
1436
2501
1182
4857
167
2470
1963
1901
899
1096
2221
2376
1398
4454
1195
2626
2531
4943
4189
3098
2806
4595
2386
294
2734
256
1836
4595
244
754
529
503
1178
2458
1837
1829
215
4614
86
3023
522
857
3168
3914
4724
427
1249
278
2371
4955
2111
4229
2275
3268
3160
3446
727
2318
1361
3762
4840
2133
2739
3061
69
4143
1530
4944
3747
4066
3952
543
4758
2484
1833
3734
1984
2231
4832
825
1385
1779
321
564
3368
4837
4848
4935
296
2568
1066
3382
1342
4179
1905
1887
2826
148
3741
4565
1875
2675
1208
524
391
3705
1771
3845
4915
97
4831
4692
1079
4238
638
23
2709
3343
1626
3810
3627
3585
918
2177
3919
2396
4987
613
1578
528
317
2865
3967
3368
4791
2766
1613
2479
2132
1910
1811
4802
4511
4342
3131
854
2172
2343
2410
1139
4120
3390
3615
408
4253
3449
2225
2832
3163
533
4789
1732
3707
446
415
155
1317
3574
1720
392
2668
2409
1993
3202
4655
1511
4399
1537
172
683
1143
2814
4936
195
2795
1700
3937
1161
2477
2614
1286
4985
4403
2672
3654
2491
2636
4818
1081
2987
1953
1490
4892
3246
2502
2697
4728
600
3074
896
2181
19
837
2347
898
554
2809
1358
3967
1622
3612
2183
3431
1040
1469
4188
3271
1536
300
4686
4668
2549
422
1750
4756
1374
4704
694
1178
816
828
1003
3575
3216
4442
1489
2511
690
1008
2438
1178
730
1124
1987
651
1739
1673
1280
2966
774
2408
399
805
2005
417
3540
2739
4936
993
1755
4132
103
133
321
868
1025
3167
1999
4494
2171
3848
2692
4696
2804
1535
1322
3221
2161
3112
875
2050
748
145
1445
2973
3138
4328
2227
4385
1660
1480
4910
3471
4605
2477
4244
2329
3782
2013
22
3552
4230
193
3495
4785
4517
4620
2260
4555
2818
1291
4599
1595
2123
4557
2320
563
3700
2493
1269
1376
3859
3372
272
2754
2507
2380
2858
137
4711
4770
3942
605
3137
1315
4225
1774
4356
1179
3488
1125
3494
1353
1002
3811
145
2182
3063
488
715
4886
2656
3221
2268
1599
4033
2526
192
74
3180
1530
4389
2952
991
252
1135
3126
3416
1055
4233
3571
399
4780
3246
3617
2797
967
720
42
2563
571
1640
589
3701
1731
2207
2112
2393
4242
3316
431
4154
1580
3511
2398
1177
1310
1965
3947
997
4155
1180
4110
537
4888
1561
4741
159
3706
4871
1723
4716
621
1506
4393
2484
2080
1885
2423
2631
1879
4040
3500
3883
424
662
2203
587
1810
341
3968
4360
2131
4046
4971
918
4496
4967
2092
2426
2194
975
4600
34
4662
242
2425
3477
4508
4093
3300
340
861
4955
2895
2937
4334
1776
1953
3086
1769
3014
3558
593
4942
102
514
2942
869
961
2142
3092
2735
1991
1536
1269
3165
351
1527
312
2624
2279
3767
1656
2523
1230
713
3274
4109
144
559
850
2651
4936
494
407
4309
3437
4427
248
3255
3542
1539
3119
1698
2071
4189
20
3587
4769
2642
1852
100
1708
1640
1027
3489
695
923
2087
4454
1939
189
2135
4599
2564
1654
4747
855
3793
1423
326
4580
2678
4338
2624
3283
2184
2470
3432
4295
3472
1890
3354
1207
3835
759
1213
1297
3224
1595
2960
1832
3459
3499
2973
4741
1089
1864
949
4733
3268
1700
3438
1991
378
934
1426
57
649
83
1426
1178
2405
4495
2002
2514
1932
3221
4982
4928
4656
2051
3637
3844
583
2473
475
2191
4976
50
1581
2231
4078
4787
3161
4614
1849
196
732
4116
1978
1756
535
1036
1247
1393
1908
1724
1623
2680
3949
3121
104
4641
2093
922
2615
2351
1763
4738
4655
854
67
1932
3557
164
1383
258
3803
101
4749
1462
4195
2705
4538
420
1182
4856
4648
1606
1957
513
3043
1058
2879
199
2697
3561
676
1093
571
2161
1528
2482
63
3020
1395
1640
535
3714
4457
3265
775
388
4285
2474
3290
4562
2131
101
957
2760
1029
2425
4968
371
3333
1428
1746
625
3773
1523
3412
145
4035
1624
4920
3049
168
4045
4131
1222
2994
2480
1872
2025
1047
3328
2726
2911
2749
4214
732
3617
360
4606
3508
4141
19
3440
2997
3275
3266
1417
4573
4669
1582
1303
3847
4096
2570
2701
3457
3240
2870
179
4728
3099
1170
1857
1559
4131
964
4460
3565
977
1588
4274
222
2968
760
986
4373
3807
1171
112
4960
2083
83
4719
4052
1612
3115
1718
3114
2206
741
664
729
3170
1460
142
4045
3869
673
2208
3744
1705
403
2435
2752
595
4348
692
721
4044
1321
198
2715
4027
1417
2480
4135
1643
2506
1234
1014
3704
304
1184
418
4631
3311
3520
520
3686
4506
4536
4717
4961
3685
1123
4280
518
1079
2125
1048
4179
971
3060
2600
822
1737
4298
159
301
496
176
612
3607
3990
860
4570
474
3771
1653
4631
4893
1602
2094
4091
1576
665
625
3535
2683
2754
4493
4059
4
1426
3339
1613
1468
3162
2829
1814
1531
3028
2960
1446
1467
2432
3451
2586
1522
2238
4695
2804
251
4830
4008
4708
4143
2391
2253
325
3480
2140
3877
922
2374
181
1698
1138
4716
4316
369
4018
4877
94
2793
3058
515
532
2892
1330
896
3234
3820
4773
3968
3568
744
798
3621
3335
1111
2
4053
3509
3763
4197
4977
3780
2592
2033
767
2559
3854
852
2714
2342
3909
3841
3735
1932
2225
1826
619
1399
1230
3587
2235
927
2941
3522
3803
321
3326
3461
3691
4870
2816
604
2102
4423
967
4000
4036
1756
4861
3324
2483
5
1563
4963
3329
4544
201
2025
12
955
148
606
4925
988
3647
3735
4081
294
2748
4911
4201
3502
1572
2094
869
2199
3326
57
3156
1738
140
4369
527
1738
4267
1439
2406
1711
1908
2344
1226
4552
2590
2733
1661
2637
550
4223
3910
4782
3089
4104
3840
2654
208
2013
1229
1243
4428
3762
2671
4378
3316
1621
2183
246
2093
527
1601
1585
378
1824
2014
1653
3827
186
747
2428
3209
4696
3347
3735
243
1872
2312
1540
1306
3399
3735
1884
59
4219
2412
1978
2654
4102
1690
1655
601
1097
2456
2750
3283
2503
2960
2379
2389
955
2473
1185
1362
4027
2511
3923
2203
2359
768
1418
2628
1220
4002
4032
4794
3846
3123
3885
4360
1069
585
1679
4144
2030
1267
830
2399
2277
2479
4201
1131
1881
805
4003
2152
3552
4891
2769
4681
1948
2881
1744
3804
2374
479
2185
3697
602
4766
2640
3748
3170
1540
3918
328
3286
3011
2418
2446
1508
4588
1943
2861
2580
3927
1946
1828
3767
1806
2282
2181
3641
2698
1244
4108
2916
2750
2031
624
1294
1514
597
1305
749
1754
4322
554
3137
4648
610
552
3018
3366
3317
4715
980
4776
2046
2348
2096
4105
4589
768
980
4556
2384
219
4133
2158
536
3223
2739
3994
3
4390
3309
1796
1197
15
2631
4049
4468
717
489
3494
1156
4854
1088
4968
608
4777
2890
2075
242
1456
3054
3703
1363
1224
3170
1719
3630
4631
2833
347
3450
2773
52
2833
1271
3853
3895
4375
4562
1581
2831
2483
643
4156
4154
4798
439
2587
199
2229
1073
4591
4495
2370
886
853
171
3442
1288
1774
2248
1328
1194
4165
4872
562
318
2078
1834
4697
731
1961
884
3446
4315
2830
3040
4850
315
3891
2229
519
2339
1539
1014
4237
1856
2473
1672
1007
3607
2605
2735
743
2764
4846
3058
4582
2540
4648
2968
3304
3784
2543
4650
4558
3130
4340
1155
1086
2748
4207
4652
1888
4415
1390
1637
2201
4985
4628
1136
2621
4106
3869
1592
1080
4192
1808
2362
1790
1720
3085
3289
4931
496
1425
3824
4596
2099
3175
4683
1984
1755
1465
1766
2953
2261
2559
394
1142
4185
4966
1725
4861
353
28
2193
740
244
1147
1927
4681
1763
2164
2637
4067
1915
4645
4493
2400
1883
2077
887
240
2855
3231
330
2089
958
1717
2398
1851
2105
4079
3525
4367
3341
4876
2923
3411
1658
1903
3363
3584
4460
3220
1931
3880
2825
4045
746
177
1036
2584
345
1695
305
1715
1799
3809
4009
1562
3841
4873
3432
2199
785
3377
3644
459
3246
1460
1209
2220
204
1659
1187
2543
2100
3985
2283
2711
2527
200
4925
2254
1407
4708
4328
1531
4022
2688
1198
3045
3690
4432
519
3662
217
1966
4193
2083
3705
936
2106
418
147
4897
3976
1284
2384
1519
2008
69
12
340
1806
2441
738
1856
4420
1937
4543
1135
734
3678
1459
4503
3292
749
4924
3036
1337
3842
2622
2638
4596
4457
584
4891
1676
2779
871
3993
1296
718
2536
1302
2823
4448
1082
1627
3813
4596
602
4925
944
4229
506
2742
2113
3146
2708
92
3246
858
1091
1047
4895
4706
3066
1064
1558
2460
2889
4208
2644
1130
3597
1622
1473
4443
190
28
4476
812
830
2132
4740
3722
4200
3254
1614
4646
1063
1701
975
1506
4593
3163
723
1171
3843
3441
479
3479
381
875
2283
721
4153
4899
836
3545
2432
1212
2112
2065
4093
4193
2923
2205
1989
4895
161
4218
3878
4800
700
186
3080
1361
3537
3502
3857
1573
3181
548
301
2459
717
3011
2093
869
182
2204
4950
1850
3930
3939
2877
2614
1411
4054
3865
200
2628
468
273
852
3182
626
351
537
1296
985
2677
1685
3994
1636
679
3335
4419
3928
4464
1565
65
1355
4897
2295
872
2194
4903
1731
3479
829
3131
3690
4319
2182
2992
2994
2604
1506
752
2037
2928
3622
2871
1761
134
733
2324
2632
1364
4576
2476
2387
2228
2958
3809
2115
2620
2230
1515
4247
284
3955
4173
3564
880
4478
2242
3353
2734
298
4705
3650
1634
2211
631
920
3935
2856
2660
390
496
2931
335
3262
3000
534
3230
2861
894
1855
4288
163
340
2574
3613
7
2857
3190
161
730
2461
1034
2643
154
3813
3802
4612
579
2855
1814
1350
1936
2800
4377
3107
3023
1059
321
3015
4765
2308
749
1192
2847
2278
4088
1924
2418
601
3253
811
685
3024
466
1078
5
673
4010
4864
3289
1701
4669
1371
3511
2459
3938
3318
2797
743
120
1333
4508
3824
1537
4889
730
4850
2991
2890
1646
433
2547
2417
4913
3551
1907
2602
1411
1087
3627
4433
1131
402
1743
2316
34
161
4047
425
4313
3204
987
4665
1290
2834
945
2740
612
1929
3733
838
4987
4640
3055
2898
175
1059
4691
2046
3491
3734
3620
4456
2320
4541
4914
1015
3946
3098
1774
811
2131
3017
539
4497
222
3232
878
3497
3822
1970
2320
642
1720
4782
1939
2104
1598
1611
3643
3628
117
494
1831
4068
137
982
4320
2612
4134
4431
3833
558
1410
4342
1342
3933
633
2652
2881
608
592
1854
3018
484
2574
3923
998
1809
1607
2463
2916
3802
3842
2519
3507
3799
2925
550
3352
3333
3167
1591
4878
4368
1838
1459
3061
3855
3834
2997
3136
4984
681
3043
3882
1861
2492
1096
3904
3487
457
455
2148
2337
1970
4162
769
1639
165
3652
1961
2713
3365
2979
903
2714
2545
3769
849
3453
4818
2140
237
1162
2218
2123
1223
1813
3403
4068
42
2768
4541
2548
4237
617
2716
4583
911
1974
3633
280
589
2527
2959
3497
842
1388
3880
3023
881
4696
561
1688
183
3374
1163
3030
147
691
3146
4880
130
2212
4779
285
3637
4497
1281
3372
870
3882
704
1082
3467
1704
2702
4556
505
2486
2870
4397
356
1168
2254
4753
3077
3316
1307
354
1781
2161
4314
1538
65
1309
3226
1403
830
1451
2080
1627
2758
1139
4355
4059
3619
876
4257
761
3107
3423
1065
4348
2500
925
2537
951
2505
1308
4274
1041
4973
4893
3179
788
3151
2009
2003
2684
1783
3957
3746
2483
23
3915
4857
2330
4557
2826
1273
994
2040
1849
1153
522
2096
1407
500
3099
618
670
2289
1618
667
1944
764
878
4565
2658
525
1571
4024
3344
3591
1740
4058
4841
851
1903
817
4812
3845
3406
2032
2338
351
2386
3880
61
2212
3820
4744
577
2640
2038
295
842
4006
4326
1889
3526
4881
2853
569
3716
3678
7
3661
3476
1040
3371
3495
2936
4054
1581
3523
4163
4778
2825
1916
2649
2428
1170
2387
2670
982
1300
1314
3499
1824
4086
117
4582
2918
3676
3762
257
4751
1091
4506
773
265
2445
4175
1615
428
1144
1057
220
2316
3777
1292
3241
3418
2478
155
3285
268
4596
2202
4066
122
150
1647
489
3621
4607
899
3158
4539
840
4671
2916
2894
2726
3234
273
174
917
1586
3636
4746
2833
4816
1990
3366
1039
4832
2918
1817
3935
232
2777
718
1244
2985
73
3269
262
1372
1460
4450
2767
4110
4713
1662
164
2070
4950
3020
3999
2238
1701
1151
474
4624
3519
4673
2189
2842
3993
2014
4211
3165
3174
178
4298
1346
1316
3743
914
4525
2515
2875
727
3486
3971
4370
3601
2572
3926
2375
2219
2013
861
3976
1763
3876
2374
3955
4465
3017
861
2842
2674
319
2114
1518
3279
281
1899
291
4186
4030
915
2423
704
4799
4355
2185
1460
3725
2096
3095
3915
2319
2797
200
4116
1220
4801
2043
138
3830
2571
1886
4460
4271
1461
1971
892
1288
1966
2688
590
1815
3404
2150
1795
224
4762
804
54
4463
2133
4251
3390
4205
581
701
605
1328
897
3985
3520
1159
2331
1258
2056
3622
4694
2449
3576
2734
3053
1847
2990
833
3430
2559
2991
1579
3246
2594
814
2516
2253
4668
1453
3357
4212
3655
1655
3201
4070
3511
4356
4990
3045
4741
3070
227
303
3615
3739
395
856
975
1603
58
3824
3906
2556
3087
4791
3916
292
2171
1752
1314
2647
641
3388
71
2809
789
1040
4098
2197
3785
1777
2880
230
269
86
4814
3061
2455
1302
4417
2300
1723
2427
2360
3027
3612
3543
2801
4625
3203
2702
3676
3020
1559
1963
4325
4731
2374
3535
677
4259
4578
3054
4586
1385
4886
4692
141
1959
3970
1712
1044
2770
4621
3159
1609
2907
4426
1644
4042
2835
1414
3254
4922
124
1257
722
856
438
1722
4362
4622
335
2343
2798
4372
1734
4541
2009
4605
4584
172
1870
865
4124
3030
2716
716
4436
1441
4327
1335
4605
1395
2105
2437
1944
1749
681
1937
3065
1395
178
1525
2879
1698
1623
1813
1597
186
3772
197
3825
3165
184
3952
4290
2256
1642
1802
3590
2978
4825
2903
3660
994
1263
53
4039
3533
1480
439
868
4975
2111
3427
4158
4666
2074
4318
1951
4333
2263
3126
1840
2998
294
440
1852
1930
488
130
618
4227
4991
3107
2154
4083
512
1353
2401
2904
2454
4299
2760
2072
673
4888
4633
2374
1390
4895
587
4982
3072
3816
1759
3821
2767
3833
2747
3867
887
717
1735
3325
4684
3602
4054
558
716
834
4527
1870
2101
4820
1700
549
3616
843
4042
1664
3205
4383
3185
3925
4568
1370
2678
4427
1796
2701
3030
4749
2783
4491
2430
4745
4614
1645
1752
1875
3818
2743
2184
2079
4147
3371
1304
2062
2539
981
320
3479
1381
1454
3313
3978
3967
1876
3499
4321
4573
1745
1110
1207
3896
2131
3621
3669
727
91
2225
2210
1772
9
340
4819
945
4152
308
4291
1819
4741
675
1171
640
381
1356
3981
3493
639
3560
1573
4682
2432
513
1433
794
765
1038
2155
357
4093
4800
4531
4840
2544
468
3250
2311
4730
4801
404
1912
1940
1588
500
1468
500
3353
1030
4217
4411
1469
4969
2635
2360
425
4643
52
4506
3609
1897
3305
2707
4461
599
2135
3939
1079
3476
2220
2202
3758
2897
1586
4913
2202
4634
2977
1747
2697
3246
2221
4160
4568
163
871
1961
1846
1077
2096
3378
1764
4233
762
1748
777
428
2240
4770
581
3473
4346
2567
3508
2522
4617
213
1469
846
1209
4656
3435
3075
199
2300
3939
2453
4296
1732
3662
1463
2356
2156
209
3441
4154
3169
1203
2291
893
2599
2727
3625
4287
1354
2730
519
861
304
4310
1582
1898
2062
3663
150
856
1002
2165
2310
1972
2769
4883
3090
2345
2065
4080
2907
3527
3985
3315
1021
1068
895
3932
1724
1804
2458
2992
4688
1253
2401
2148
4467
478
163
4901
1200
2440
576
567
2078
4356
1767
4636
4268
1886
777
551
3422
1394
4581
2042
2472
4055
117
420
4667
4121
2608
3750
3853
4506
2401
2375
3997
1003
223
3254
1207
4814
1622
1432
3740
2136
2718
2170
1566
4117
715
536
3186
4427
4868
4663
222
2220
4934
1079
60
2085
1363
1277
2327
2644
3719
1656
1541
530
1876
2713
645
84
654
4088
2226
2391
752
1316
345
2180
2447
3147
39
1762
895
1882
2174
707
4237
2374
4617
4546
1116
2500
3748
467
2916
2622
1409
2506
2583
2390
1545
1432
629
3831
4335
2435
1059
4330
4219
836
4062
70
4229
1159
3773
3452
2255
742
592
3968
2456
1742
2091
4467
2246
4390
3535
4409
4787
4541
4339
982
1962
355
4262
1926
1507
3202
3895
285
61
2085
2328
2891
644
609
215
2547
2115
4091
3551
1494
107
3074
2879
1043
203
839
1105
4889
265
1705
3037
2840
978
1661
710
4444
4823
325
117
1139
1840
2311
3764
3001
1580
2265
1997
4162
2729
3068
4651
2623
3736
406
4369
4515
4333
2316
2066
671
3845
999
1872
1900
392
2933
584
122
537
4132
3948
1207
707
2370
267
529
3973
2439
1494
1710
3329
1063
1340
995
4153
4762
3048
4523
4067
4102
377
402
3398
3583
170
2755
1868
69
3706
4734
4546
4110
4142
3222
4373
1965
4556
3801
4400
4907
3915
3193
1403
4245
3049
3986
2341
1861
1005
3060
396
4789
3678
395
1972
313
4019
2348
2022
43
4116
26
154
2213
584
1202
2112
1881
1960
3187
4611
2605
67
3962
999
2093
3427
3245
1156
4353
392
5
2570
1816
3291
1769
4487
1204
644
2207
1262
2608
71
4782
4770
1247
996
354
915
143
327
23
463
396
3591
25
1653
169
338
3619
3630
4044
1192
4822
3092
4865
3053
3844
3270
1506
2869
1749
3788
3596
1275
3216
3744
4789
2626
470
4334
3620
3952
4380
3525
2842
3191
1975
1693
4039
324
1996
1899
2439
4525
2632
3794
2462
487
212
827
4553
813
1045
2056
1615
1647
1050
4838
39
4393
3695
1409
2499
3579
602
3931
1429
3169
3291
2703
888
4684
697
3275
2970
1040
3673
4228
912
2326
434
3765
4450
2429
1983
2315
3584
1556
1044
2146
3893
1978
60
2740
1971
1937
1233
299
4038
664
4805
59
140
3392
1849
2478
996
1985
2236
2738
367
4525
3341
1637
1693
4572
4339
3531
273
1121
1388
478
174
2197
4717
4415
1075
3202
858
2580
1012
3410
238
2930
67
641
780
3868
3807
4207
1566
3692
987
1714
965
329
937
3091
3010
1769
1920
1375
2316
1513
2403
1929
2939
4082
2164
2997
28
3669
2393
1976
661
3202
4485
2606
1554
4213
617
2387
1729
250
4011
1045
2379
1442
2072
2737
2475
3582
3150
3102
4491
1570
2725
886
2349
4877
2598
1699
263
3336
4611
1993
4498
4325
2753
1911
276
4385
2571
1804
2908
3292
3993
2816
2086
3448
3608
3327
3407
3776
3595
765
1154
2147
4049
2150
691
1496
817
2828
124
988
3795
4694
830
769
312
4862
3481
3201
3277
2267
407
795
491
2072
2166
2228
1522
2509
2756
3721
1198
276
3208
3843
2378
1094
830
1892
1340
2423
1370
1209
3001
1910
552
264
378
2513
2514
4115
2199
256
1883
3453
4682
847
2364
532
1486
762
901
3039
4985
2836
3597
202
4479
3697
3517
4503
3696
740
2265
455
4981
3306
752
4328
4479
2368
1382
2993
4568
4010
3415
755
2749
4317
1694
3522
28
4167
567
4612
1754
2253
1233
4408
207
3764
1320
4867
3494
1180
345
358
3879
3610
4798
2739
2455
1148
3901
4801
1473
137
2900
446
1958
2410
2911
1532
4443
4403
1836
2879
4386
2622
1533
1517
187
3474
231
1238
4652
4663
4115
4422
1302
3149
2251
1296
2457
2021
4855
2453
1466
847
584
1828
2883
4269
3036
4540
652
447
443
536
769
1720
3648
3993
899
4529
827
666
1634
3556
814
1327
3019
2851
1718
2359
3182
2370
2765
3499
27
1177
141
4695
3878
486
63
1624
1503
1874
3940
3534
406
1538
1003
4476
4055
4769
3803
3453
4450
1676
1419
1625
4494
941
3000
3240
3870
1027
2654
133
4564
3466
4826
2630
1605
3102
719
4810
76
3861
536
1619
43
3285
4684
2479
527
4867
4976
3697
1418
4822
1177
3276
3119
1779
4944
1115
4841
1578
515
1418
2181
1183
248
240
3808
3909
469
3529
843
4416
789
3326
806
1849
1125
2152
346
2791
3048
1517
1940
243
1304
1649
2678
2020
4822
3112
1423
3516
4378
2130
3605
99
2670
391
1009
610
4047
1317
2436
1610
382
4911
3296
1869
4422
2824
1010
4876
1310
3057
422
3867
4520
3982
4954
1689
1722
151
3327
1092
2709
1149
4797
4348
708
4738
2039
662
2159
1886
950
4651
112
1959
4729
4434
2941
696
4173
291
935
2716
121
4141
2282
2693
356
3106
3157
4176
2507
2232
3780
1995
1413
3130
2563
961
1809
2968
2013
3588
1642
4509
901
3308
97
2079
1556
2142
3420
1035
453
3688
4836
3193
2549
2604
1221
4726
686
923
1457
1848
1293
1132
4965
1247
4858
4996
240
113
4552
2183
4464
3821
1020
3287
2703
4325
1107
3180
4798
4709
3511
2420
3377
4600
4249
4877
114
4533
4293
2152
2058
3533
3226
4128
2196
4096
1033
1571
1100
4432
4456
839
1296
4758
1094
3320
1397
4371
3936
1696
213
3977
4413
4152
3934
1154
2815
1918
3230
1648
1315
2344
2893
631
4058
3959
4548
1607
2952
3670
3165
4710
677
1828
3178
2318
2938
4784
3337
170
3893
3524
2335
4334
1512
149
1940
398
182
4169
1456
3023
4207
305
4700
165
1470
1009
4851
2612
1528
301
1826
1179
3135
2598
845
2637
4648
2845
3996
585
3025
831
2461
4644
1583
2161
1675
3557
2022
1085
375
2905
9
869
2685
1144
181
3070
2866
3239
3328
4800
2484
1054
2719
774
4730
1380
2744
2001
2158
4233
421
1497
3815
3836
3754
1269
195
535
2744
2922
4732
3911
4186
4354
3674
3487
3111
4807
3049
2447
41
4920
1083
3000
125
850
3889
2579
563
3930
1614
3410
3904
273
4317
1438
4505
1273
2867
986
491
2879
1735
1488
1249
2642
4497
2403
220
3290
4552
332
1241
1043
2951
2128
3711
4195
2610
865
2632
178
542
163
4498
4321
1582
4273
437
302
3373
1017
4911
4334
4448
3917
1902
3099
3066
1243
1901
769
2918
3751
554
3506
120
535
1647
122
2109
934
2527
4471
1588
2453
267
4904
2388
302
1037
4202
935
3714
2157
1998
1702
78
3665
1887
607
3112
3353
1362
1156
3464
28
4206
3470
4532
300
4813
2761
2548
1713
2635
1249
223
244
3998
437
2549
378
383
858
3078
1579
760
955
1146
1947
3957
1118
4794
209
1063
1435
294
1829
3294
2728
4112
311
1862
4104
1600
4541
981
2101
402
2732
452
3594
4101
955
1739
3454
2860
2340
2914
4357
1665
2275
4749
4681
2824
2372
1574
80
2362
4943
4713
2095
3483
3287
2268
904
1285
2715
1845
1191
829
1468
4984
4955
1950
4312
3264
2882
1029
4029
3165
989
1780
1994
3495
4686
1883
1250
937
3654
3923
1778
2897
2387
1604
108
3902
2090
393
2524
1355
4953
1865
2226
1259
4007
4849
2649
4365
1080
1464
2744
3089
4627
1699
2407
2683
4534
1938
1987
2903
2876
2066
2092
1069
4964
579
2086
2046
2981
3316
1447
3895
361
4246
4520
4813
2168
4918
519
2081
1062
2798
1620
1670
2671
1693
3866
4129
4240
3870
2928
4792
4857
3942
231
4012
3962
2801
3110
2155
1363
4511
1012
2641
1632
1763
1598
823
3316
2108
3129
638
1389
110
1457
2533
3288
3171
4611
4601
3830
542
2224
2404
4174
2304
1194
4232
4596
1574
2499
1557
4714
1266
3404
1257
134
4120
3210
2407
4956
1972
2504
1355
1165
465
96
1708
2735
2605
235
2427
1638
3499
1227
643
2331
4968
2334
256
2628
1649
3310
4452
1908
2004
3158
2199
1707
2471
78
4023
4824
2893
786
504
2806
1839
1880
2637
268
3762
1985
1959
4849
4036
26
1821
528
885
1122
2708
4896
4763
3405
752
4279
1910
4930
4483
1038
4949
4426
3069
4816
552
3545
1453
4807
1959
2122
3398
1535
4314
2925
3573
119
4898
2980
2890
1357
3536
150
1628
3249
4636
3314
2241
4555
2303
728
2614
593
3909
4980
3819
3755
4532
3165
290
2905
2770
4868
1713
4648
4230
1776
902
1256
4741
3185
3210
2105
4768
4362
1920
3382
3667
3373
4807
2930
2336
985
1582
4450
3148
1438
720
4627
1714
4380
1895
4452
2127
672
2709
3574
4078
4609
1368
1539
276
2473
1781
1989
4262
1591
1208
1537
704
4348
51
3754
3993
2412
3476
1162
685
4999
91
646
4042
352
2172
2344
2639
1590
1154
819
2257
2616
3420
3098
824
3645
11
2153
1761
2020
3677
1728
2116
4049
1443
3309
4321
146
3105
3129
3750
1136
662
3653
4595
3824
3050
21
1129
3412
4223
1973
2232
2110
995
1371
3760
1541
1717
1205
914
954
1229
1820
4647
1252
2096
337
968
4441
1836
1062
1024
752
800
183
3750
2661
247
3699
3102
2900
3734
93
834
1754
2356
1807
4605
1967
2585
1377
1592
3815
2865
2453
328
3467
299
2207
4951
2907
4292
1219
2634
4559
1817
4238
250
2078
2204
1209
3814
3317
3910
2931
2728
3100
1254
3702
3094
1701
713
2364
876
1149
306
2579
2104
248
3442
3750
4582
3272
3355
398
3460
3701
3593
1208
2904
2947
1690
3160
1664
2200
1383
2398
2642
2820
235
4663
1484
1790
4371
792
4838
3620
1294
1694
2671
3810
1863
4496
1004
614
3464
1480
2064
3595
1720
1183
3351
725
4727
2936
341
3052
1889
2336
903
2171
98
2308
2407
4786
3169
2443
2917
4243
2903
373
2867
3946
536
2595
1498
2903
4546
121
3987
1160
1430
3409
1600
3754
597
1
4444
345
4108
1279
1207
296
2667
331
1014
4210
193
566
2922
3921
4387
4737
1591
3111
3543
4200
103
459
323
3056
3456
1517
2059
1830
4955
2733
139
2667
558
591
1361
4692
4011
4228
3557
741
1674
85
2101
2032
2188
913
4868
1450
3113
3569
2907
1319
4764
1488
3306
4799
4445
4592
1424
2320
4087
707
1912
949
3946
1271
3838
4431
907
582
1642
3858
1898
636
1260
1715
4188
824
3417
3256
1458
784
291
3960
721
1552
1495
940
4074
2980
3139
445
1965
1382
1038
2016
2393
3600
4676
2583
1854
3862
1817
10
4487
1661
1910
341
4690
4920
3433
139
4865
1725
4769
754
1581
1331
3914
2616
4752
4078
4301
3167
2692
813
1428
276
4058
2531
1116
2630
805
3156
2771
3908
920
4394
163
4407
2829
4049
1574
4234
255
4863
2284
567
1017
1623
1147
2043
2567
1256
3879
4908
437
176
2482
1753
158
55
2804
2746
1152
977
1446
1970
4126
3803
75
3497
2805
4713
2215
4918
1531
4638
1188
3117
2764
2814
4266
3677
2286
3848
2711
4253
4431
232
4624
1943
2285
3596
4566
804
3046
4420
811
2762
4017
4126
342
2427
4419
234
2364
2111
1814
4763
2241
1125
1695
1479
3136
3589
1198
3233
1815
4481
2275
2396
2070
725
4550
4850
328
1068
7
165
4858
4861
4184
3341
1532
2941
303
4587
3445
4581
2903
4917
843
1471
2745
3243
3643
3397
4734
3984
1845
266
4400
3204
60
2989
2514
2018
4732
266
1156
1085
1371
4618
2971
927
1621
942
920
1333
1210
1640
1351
3516
4803
194
915
1616
4932
2491
847
2183
867
4278
3535
1545
4322
4701
2648
1499
3753
1517
141
4099
3623
3
171
1797
1529
2031
4567
2454
203
3143
2390
1017
3799
3032
4572
3001
4940
4112
3937
3182
1584
2278
1312
3658
4912
4606
1713
1733
774
3175
2281
4551
1444
1758
1488
3438
2976
968
139
1216
2689
4492
3235
539
456
2647
2149
3379
2625
4276
2083
531
4108
794
3890
903
2374
2527
148
2128
2125
4982
1889
4602
2924
3405
2913
3770
1699
2745
2133
2611
4722
2165
2551
546
1502
864
2678
4392
2437
1774
2581
4288
423
4978
798
3065
1045
3834
2074
3597
3237
843
4948
4298
2173
78
1351
4986
4232
442
1805
142
3919
3187
2681
1631
3842
4739
3022
1727
3151
4784
248
1012
2688
2446
1627
1207
747
4973
3595
252
1950
2662
1971
4346
1561
1921
690
3012
2825
2906
4850
737
617
126
1258
4729
4018
4952
646
32
4030
3720
3044
3768
2705
4437
1570
2585
2865
4633
2798
1011
1280
3198
4070
1727
15
2392
3497
4746
3828
379
3724
3676
1710
3861
4057
1208
448
4646
309
772
3132
2311
3144
1050
1914
192
1418
1271
4808
886
1452
2996
579
445
724
2387
4719
3257
2092
4124
1539
27
2021
3360
2352
3586
1071
3940
2259
1126
140
4994
4000
365
245
3932
1929
2575
4260
1994
4471
1812
540
4830
4911
3785
941
4085
1112
2366
2476
3281
4356
947
2858
2076
1485
1803
2043
4534
2682
3625
1098
4938
1738
3233
4419
3918
3471
4682
1552
4065
1309
1035
263
3874
3444
67
2099
1934
1196
4805
4865
857
857
1930
494
3928
1311
1561
398
3869
1823
1068
1976
4661
242
1813
1024
4015
204
3233
2581
1917
804
1026
2804
1223
3291
2531
4939
4468
2458
2279
3690
1996
2025
930
2014
1445
2285
3684
3776
3794
3265
4314
2165
1106
3360
3079
1335
1503
4896
2411
1699
636
3923
2034
1260
13
3434
1880
1968
2042
1178
4267
368
579
2948
593
4573
1737
1423
2843
4032
4892
1392
3378
3355
1337
4268
4016
3606
4094
492
1097
4396
2129
425
4851
710
1044
4730
2980
4591
2893
4660
3563
4994
4221
3890
2728
3153
4271
1764
1488
4471
2019
4067
2971
599
4234
2166
456
2542
2077
110
4027
2917
1185
3864
1349
3219
2157
980
389
4283
383
3465
3501
4113
4274
291
1607
1106
1932
1838
913
380
3231
1028
2502
4555
2638
1742
1007
2062
635
440
1705
3417
3254
3279
1712
4531
2695
2854
60
2578
2991
4711
3498
4021
1363
1695
2894
4618
1658
3964
4655
728
3625
1115
2771
943
669
2012
3124
2535
2528
1648
1027
2110
2831
2038
3899
4605
202
1202
945
1612
1549
1007
746
4693
2079
54
1949
4398
1576
1486
2866
1467
3728
1646
4274
546
869
1944
4273
1848
3716
776
281
3044
68
3461
4184
386
4263
975
84
1890
2010
985
749
321
1750
4728
3827
64
1095
4308
706
2764
1644
1278
2203
2517
3136
2603
2996
498
1664
3967
3522
332
238
197
2149
2497
2661
68
284
1212
445
4838
90
4851
2209
2485
4977
4064
3582
4519
4414
1235
374
3843
909
1608
1949
2771
3382
4804
4804
3076
2895
4222
964
3148
691
779
2452
483
211
2977
814
3244
3131
368
1790
1965
1543
3374
1453
4069
776
4945
493
45
4441
4866
2444
26
2831
3695
3606
4601
776
2257
2758
4243
481
2055
1661
2163
1527
650
1661
2909
2542
947
4800
1985
2133
1105
12
399
4886
1174
3009
3533
3239
4939
4878
734
1518
1387
1744
1373
3701
4814
716
3666
3273
4598
2583
4156
1753
3830
1651
4327
4308
409
2044
999
1747
3201
4684
1437
153
4721
971
4825
2975
76
1858
1753
1237
3007
1625
4704
669
3404
2823
3162
4129
3128
714
3454
3640
4414
104
1252
2189
3493
836
4337
4544
3439
3780
2208
2760
2995
2858
1315
713
1357
3345
1498
1018
3436
466
10
4306
4068
2182
4961
891
4348
3590
3921
1870
2130
922
1227
3792
1917
4455
2501
2686
659
2428
2686
4973
3691
4726
569
3212
4925
2185
3872
3742
3465
3145
2347
4698
1213
2018
2857
2477
3643
1948
4061
2513
2305
363
2819
2271
1081
2685
3405
1419
4300
1413
4945
2366
954
2527
333
4162
293
1348
1573
2833
3639
3816
4715
1630
2080
2906
3360
583
1148
796
2554
1875
3635
338
86
784
3906
1815
1831
1760
2171
1638
1008
3293
2608
4790
2453
4177
4269
1154
1088
4490
949
903
1450
3510
1741
3310
2312
755
680
1108
2184
4882
1578
112
1411
4108
4224
1332
4973
1116
1607
1359
4458
2184
3460
3242
3419
802
4796
4809
1625
1531
1604
1029
2601
3977
331
1278
3808
1311
2502
3134
1447
1694
3259
1299
2898
2563
82
533
2430
1057
3313
3953
4905
1247
303
1116
430
3509
4346
2875
4488
1242
3260
2322
4550
833
4122
515
199
3349
4399
3089
176
1097
2569
1173
2211
1477
1513
1912
674
2845
3592
2915
212
3772
3072
2610
4790
3697
4296
3263
933
296
2788
4414
4394
3804
1683
1540
4863
2347
66
3693
1145
2106
1761
1054
2502
2793
2228
1703
4121
4674
3813
4093
4803
1357
1991
1199
4675
2463
550
4542
1544
373
1276
674
3334
2315
2182
1066
2735
3258
2416
1403
1236
2896
1462
1221
1251
3465
692
2642
1291
2197
408
3991
3589
3380
3198
4088
1205
64
2379
4863
4625
1465
1262
437
2744
2182
2619
2619
2007
4881
3577
4178
3039
3572
4590
466
1427
1523
1281
1735
3112
4697
3712
930
2508
2527
2043
2223
2908
1450
4120
2498
577
4643
2263
79
3106
4453
2824
2081
3591
4330
4892
3179
3252
1166
1897
4309
4252
544
890
1424
688
3917
822
1117
1287
2567
3094
3051
2416
3501
708
1375
4750
3757
2482
1944
2842
3799
3232
988
3263
1491
4154
4372
441
1870
4736
4551
2511
2415
4560
3420
1995
760
2737
1417
679
43
2904
2220
4769
4491
2680
2239
4057
3197
4869
4345
18
2357
4337
3226
4519
2333
1138
1927
1656
2107
2291
3647
2245
4570
2082
3708
2417
828
2218
509
4690
2581
1705
2955
183
2922
2867
3721
1435
1204
3288
2634
4569
1960
4
2805
4111
600
2069
3747
2512
1926
2113
4173
516
2751
4696
3703
1978
1647
3696
2193
3353
2811
1712
3375
747
4228
2470
2342
3074
3794
4124
361
4375
3062
4160
3852
3120
1116
2386
2009
3801
3840
3515
3289
414
3783
628
4629
343
2673
3364
925
492
4982
1053
1408
3723
2463
521
1437
3960
294
1905
352
1420
1351
3565
2848
880
2016
1210
4856
1491
2286
248
3812
3817
1730
1780
3143
118
2524
3549
2978
3188
582
3146
950
480
1916
1115
2766
99
578
910
1398
95
1677
581
4160
4448
1446
2413
4704
3421
3635
2289
910
327
2272
2040
2939
249
2279
1644
279
2311
483
2317
4634
331
1034
1717
2673
2989
2828
4635
3796
2738
814
397
1740
2977
4164
1314
2170
2074
646
1286
2637
1639
1633
3977
916
2622
2177
2873
4876
1991
2797
4342
4364
2226
195
2622
2623
3453
3541
258
4344
253
2467
3272
2965
1105
4939
4682
2141
103
1310
3950
1099
4400
1044
4911
3239
3767
4387
3059
1170
146
3947
2518
242
4223
2237
1423
4199
35
4757
4705
812
2022
36
2828
4257
2266
4619
1268
473
2037
548
4290
2359
2356
3355
841
4814
4850
3005
859
3144
2418
1438
516
1646
89
3625
1847
4105
606
1827
3584
2472
998
3313
2753
467
378
1827
3505
62
4812
1904
2449
3761
4202
1420
4751
4280
1681
1823
2760
3206
4309
3318
2297
4455
2695
519
2687
4166
760
649
3952
99
3613
4554
104
3792
923
1805
3576
4237
2772
1386
867
1610
2962
4712
3307
1781
2475
1560
3083
1117
1277
947
501
2750
2323
4311
567
1325
2648
3197
2616
3205
2635
2942
1465
1018
2636
1495
2346
3365
4902
234
890
3489
2148
2174
154
3430
2856
4329
4516
3988
2569
3461
1983
2113
4428
4480
4942
4878
3910
4224
65
2270
1009
1823
2323
2352
277
2762
2126
3783
2592
7
84
407
1832
1600
3159
1842
320
2475
4273
1283
3457
1075
48
170
1338
1276
868
2009
4282
1794
3771
2047
4085
2003
463
2050
4630
1942
4981
561
1339
803
3225
186
4806
1860
1632
1673
3075
2500
2941
891
237
4550
2215
2209
21
3569
1234
4487
2917
51
2653
3255
4089
683
1500
561
2503
1450
1655
277
120
3572
4082
1844
3191
1835
1333
2476
129
68
4470
2514
2997
727
221
3324
4853
4928
1760
1967
1597
378
2080
886
651
4758
1651
148
4496
2016
4875
1011
1477
1731
326
3445
2361
1485
2775
1378
3970
3309
2341
3747
81
4219
18
4581
2618
3617
3766
4762
2059
1313
4403
900
813
286
4964
963
4465
2678
3818
4577
900
2855
1391
3707
3181
4082
150
939
3958
1741
633
4531
3089
189
1773
780
4740
4291
3634
4463
2064
3094
1191
762
1254
3553
3318
511
1754
2485
4107
3761
3516
1986
3378
936
3612
2905
4097
3528
1325
4582
4563
2700
181
2644
4334
3223
52
1304
583
3854
3698
2578
4924
3904
1061
2240
4193
4183
571
2101
3351
2851
4093
554
4153
1860
3796
620
9
1943
247
742
1106
1205
5
3367
1302
4184
2024
4238
4963
303
1770
4933
601
3564
1196
419
135
4723
4540
4966
605
405
2574
2456
484
4485
975
4361
4189
3259
1773
1062
3375
2582
2769
4687
2189
207
1537
766
1654
1299
4881
334
4134
2880
2794
698
2053
4996
2150
63
4142
417
241
2980
3667
781
643
113
462
3281
4357
541
2314
2256
4170
12
1258
1570
3576
3792
1138
2217
422
39
3956
2563
1631
3236
3157
217
4607
4690
1450
4455
1853
4878
3364
1763
3786
2172
3563
1555
3329
3341
1698
770
3694
1062
4222
2291
1603
3148
4492
3017
1272
3614
4411
1526
891
1731
23
4026
1912
2221
1464
1749
738
2294
2074
4104
714
377
213
4128
1959
1620
367
3789
4623
4564
1008
121
2652
3361
3399
4316
4105
1172
4058
2415
3398
3501
2059
1343
90
1041
4568
805
3704
1835
2355
4595
4461
2346
812
785
393
3395
2762
2095
2955
1096
2993
1549
1697
2584
4064
777
4384
1137
674
2153
3848
2795
968
1049
1187
3382
900
1630
1127
2038
2904
1844
2386
2309
3279
44
3413
1914
3923
1058
4020
4008
769
102
588
4202
1602
1024
293
2476
1787
1393
4881
1325
2358
3303
509
4251
2041
2969
4096
599
4176
651
4569
1739
1447
1931
3213
1817
1722
4469
