2193
1427
126
2538
1277
134
913
1100
1345
293
2525
172
1495
3543
3885
2433
882
1849
1335
1604
1100
2653
2088
1742
3004
3509
1725
2174
3627
1968
3289
1694
2536
3299
1171
3112
3610
1963
175
1668
949
2673
1680
853
1841
1711
1131
2965
87
2034
2047
605
3100
992
2884
105
2675
2812
3201
3547
2685
807
3778
1470
1476
872
3721
3821
2184
3982
4
2645
2457
1557
1535
1304
38
2343
602
1395
2132
1285
702
2945
2739
3045
2347
2433
1997
1246
533
3893
2816
866
17
3980
1453
3498
1033
706
689
2263
3928
3334
1972
2551
3442
2524
384
3399
98
2851
979
120
2170
2777
1112
1781
741
2333
3443
739
1537
1781
2107
3081
3692
3345
2412
1169
59
335
860
2671
2482
256
334
3137
912
3114
2758
791
1194
911
3324
2005
3484
1389
3667
3958
410
1703
2220
627
2189
2307
3766
2180
3804
2901
1800
2053
3911
3644
1394
3324
3515
1610
1424
1273
1155
1737
1696
3295
1084
3900
3829
2274
2603
3364
2509
593
242
2116
576
1654
3392
2470
1657
1915
1896
1663
1801
2190
2165
1167
3034
135
188
2349
3553
3721
305
2659
87
2407
3198
3829
3432
3209
3185
3655
557
2959
3669
830
3191
3668
3747
1799
3693
2294
1594
3863
1336
3028
3020
3507
412
2041
3739
3569
3305
1720
2659
2205
1938
1879
1049
383
3805
2193
276
1277
155
1654
2666
2621
1786
2229
2782
2957
1209
349
3064
486
60
3424
2678
1326
1280
3000
416
3421
1232
846
1441
3073
3609
1560
1461
1541
122
1250
3389
847
2464
2000
58
3176
3280
2
953
3137
1126
2904
3019
660
2365
2104
3193
1192
2511
462
2549
665
159
1619
1107
791
3348
2480
3801
1421
2761
2116
2964
3044
3299
3107
1677
3400
866
1825
3644
2667
3482
1040
3483
1800
452
741
2621
203
1328
2433
3776
3118
3645
431
3969
2950
524
1000
3982
895
370
863
1601
2917
2828
1113
203
2949
3703
412
398
1938
2975
3627
3024
2699
3416
112
876
1052
75
2715
2283
740
3219
3082
338
1975
2088
2505
3997
1284
3099
3739
364
3577
1571
1177
92
390
3991
2649
3993
2943
349
3795
2290
3204
3393
3167
2637
3270
3753
1059
1564
1474
680
780
2383
1425
1649
633
1612
356
1838
1632
2940
969
2705
1482
2343
1043
3594
2530
1059
3737
538
3694
1704
540
2791
1500
1671
3982
177
2081
891
2481
2564
605
2272
2621
1166
2818
2211
326
3442
2838
1018
637
989
470
2037
1141
953
1757
2229
744
3296
3270
3003
2683
2451
2574
3747
1151
3051
3580
2386
2136
143
581
3565
2787
3719
3211
3884
3699
272
3525
142
956
304
3908
3566
436
1707
372
1526
918
2263
1953
2003
2056
2252
796
1257
1567
3200
3454
3944
2496
658
300
2750
3210
740
827
1869
1586
2190
2805
1856
1135
1649
3516
3098
1591
3465
2126
2672
3113
3429
2505
2296
1068
1275
2448
2593
854
3799
3086
772
369
3156
602
2010
1243
782
636
1648
620
3799
2895
1560
1981
3912
2342
2113
1255
2873
339
777
1481
1908
1637
786
1806
871
2449
2002
237
1912
116
623
242
349
3896
458
3837
2284
629
2779
1417
432
185
3421
367
1565
2922
3403
523
549
811
2954
3775
3467
157
3688
342
3896
2663
198
1004
3724
3513
2097
3820
3990
3532
1366
313
807
2126
2903
1968
931
2940
696
2765
3737
1584
3839
2476
2613
446
2171
2579
691
1593
995
1198
406
58
2819
2042
2234
1731
2034
2022
2566
736
1702
1750
2725
1167
1899
1321
2103
2369
2642
3709
2371
2913
2534
1874
3919
788
1860
3308
3283
33
2315
2108
2730
242
434
3840
3402
3483
121
3753
1301
3674
3362
3901
2608
352
3265
670
3796
783
1904
874
67
2051
1448
3460
3293
1557
3149
978
3603
1053
3496
2024
3931
3767
1307
2949
1700
41
591
828
2924
2084
1170
1045
1072
1769
1503
3956
291
2669
61
2458
3778
1631
621
426
1830
3881
2557
1903
2363
789
2466
347
1809
2289
1861
3986
561
3702
221
584
2130
2181
2877
1831
1387
1298
1966
2038
907
389
1920
3798
3111
1310
3100
717
2131
3992
3069
296
3860
2865
3232
1693
437
2409
3450
3470
1464
1480
2633
500
3119
2052
1932
2971
3947
611
2550
2057
2932
3710
1376
3525
954
3302
479
1653
2763
298
3829
136
3813
1465
44
3893
2318
1829
352
450
546
489
1691
809
3595
2891
3943
2008
1495
868
159
536
391
575
1094
1872
1156
545
3964
841
2262
3848
1677
1301
3991
2261
300
1227
1764
430
544
3574
3061
2559
2109
2959
1231
1601
3446
2855
3896
1022
80
745
1579
2802
3130
3902
2380
1301
3772
2802
2972
3096
845
2967
2352
1486
3337
1961
288
2733
162
3089
1083
3316
1141
77
3970
2190
3904
1487
1365
1815
1075
708
2760
3614
1700
1048
1178
556
199
3576
2438
3908
796
1911
3674
2858
1643
2805
904
1128
1037
1308
2876
174
1357
812
493
2842
3247
2713
2774
2712
1518
3058
1702
3339
1484
38
1686
621
548
1346
2939
18
3620
2973
1853
3123
3481
1687
3367
3721
2699
2910
3518
1271
1099
3187
2679
3149
2793
172
580
2506
330
251
910
3553
3321
1199
2697
2527
3741
1048
260
2572
3403
592
1439
2351
893
216
930
1718
66
3872
3211
2838
791
747
2216
1039
1559
1873
357
244
207
1350
2855
1865
980
1691
3354
1868
3704
67
2920
3352
90
3577
2570
2568
765
2751
355
2969
987
1769
43
3827
2939
251
1224
2920
2721
3120
2340
3229
1924
476
1818
1129
2693
3507
3922
3259
1214
235
1711
1088
88
31
1734
357
994
2869
3601
729
3774
546
452
982
286
140
864
1537
3918
816
806
1327
2803
1892
1742
1770
84
3007
1783
3572
55
2135
2625
843
3503
2891
2073
2093
1556
290
3669
2430
3667
3443
768
3303
423
70
2263
3808
2952
2233
1461
3121
1474
3847
2379
3924
1705
3078
2676
703
2859
1264
1927
1857
2597
2692
2317
874
1274
3021
757
3375
2530
3299
902
2350
3487
912
3285
2062
1781
1941
2360
3754
1882
1805
2681
3600
1803
2513
1454
1572
3265
3869
3848
1546
1796
339
618
355
3678
2751
1339
3510
2994
1786
2655
1171
2926
754
67
500
1598
3337
1911
3396
2979
3677
3873
1444
323
3400
3631
2123
994
3111
2892
3662
754
2496
406
1984
1446
383
623
954
780
2178
1714
606
1500
2902
3944
1496
2219
3424
1179
3238
100
2591
1610
3514
601
3890
766
860
2614
3670
764
3669
1751
498
1307
1929
2267
502
1784
2467
376
3808
3815
2519
976
3105
524
3300
1924
1568
3275
728
2823
893
892
504
3669
1271
3843
2240
3397
1905
2207
135
2301
210
1760
2918
2373
3212
3038
2681
126
3615
2887
1031
3507
2334
152
1566
3920
3665
3503
3106
2034
2140
3616
520
3487
896
3431
2813
3767
2625
3933
1036
1770
1095
2862
703
76
2760
1801
2405
70
3365
1208
52
718
2771
1907
592
2808
1980
752
2636
3470
1575
2717
1841
3711
181
753
1852
3156
621
3390
524
1064
3450
2827
3292
2999
914
994
3085
3479
1658
3877
519
3847
2280
3141
3617
421
2377
2261
2303
3875
1955
3867
314
924
3677
3849
1190
1539
3901
299
623
1405
1170
1921
3717
2544
3123
271
346
250
2695
3411
3625
3142
2246
3639
217
2749
1247
390
1953
1305
3419
1475
269
3103
3233
184
1377
973
3387
812
3998
17
1752
1368
803
189
51
2331
3381
1207
3508
3916
352
3701
2965
2223
2912
712
3655
2924
155
664
3157
3452
1905
688
296
3268
3831
826
1517
2887
3487
2286
3220
1207
2396
423
2809
3531
3396
406
1960
151
1174
2394
1948
3224
3326
1392
424
3694
502
1095
3737
1678
1294
1047
379
2808
3151
242
1179
3686
3804
2523
2733
2598
3833
117
494
3273
3632
1759
3979
1692
658
1407
2691
1399
795
1563
1515
2420
2840
591
16
2306
1452
3707
3362
2553
496
3677
942
2640
3835
3967
1515
3821
3779
2385
3417
2460
3810
1177
2631
1540
3324
234
372
2550
223
466
3415
3942
3115
920
226
223
499
2662
1956
2449
2052
1666
2125
2381
2342
3555
3159
277
3616
3649
2339
1197
2753
1966
1505
2742
3483
2915
1684
1212
2994
3197
3285
2989
2453
2698
886
1517
3499
3294
937
3719
3794
522
1730
1350
259
1615
2553
1253
2522
3183
3700
1091
2228
356
2564
3770
1241
2804
2702
657
828
2852
3277
1104
1312
2316
2197
84
2621
684
2682
3780
1186
3869
1202
418
2396
939
184
2853
2232
2497
691
2790
2341
2276
2134
2681
1725
1796
3784
894
389
3919
1446
24
1170
712
806
253
3439
3608
3167
3630
3484
3875
1511
2730
2200
478
1373
606
2433
2719
3720
1374
2139
2581
2303
186
1551
3098
3434
3434
3445
581
3912
3531
2997
132
3346
2159
1706
1001
1663
623
968
3556
2537
3396
831
1649
1040
854
2911
755
2109
1428
1310
289
296
581
3895
3231
3677
2525
2709
2416
1629
1300
2320
137
897
3603
1814
1961
3811
3535
174
935
2144
3802
249
1261
3704
1368
2169
1283
1463
2575
182
110
2937
1282
189
27
2217
1152
1995
2998
2378
888
2923
1599
1754
2959
28
2814
851
2421
2198
118
1875
1300
3662
1816
413
1961
1271
1369
769
2104
491
3686
3577
826
3657
2325
1973
570
65
1760
3546
2209
1614
2702
2661
269
2786
3281
2550
297
2856
983
1258
2744
614
1978
1352
2643
769
3547
2529
341
3845
2351
2705
2869
3012
2583
3082
1235
2781
2133
3347
1526
225
637
1579
1845
402
778
2580
2995
1293
2259
1806
496
2057
2877
769
1469
3775
434
1695
3120
2796
2833
1640
953
1524
263
2127
1108
2185
639
61
991
1612
2677
3220
1037
1363
113
1910
700
907
1682
3943
2883
1119
1799
3279
3920
889
3493
900
241
1768
1558
1767
3440
2722
143
909
420
2956
3332
2337
645
1655
2943
2439
863
2796
2093
2340
2251
1355
3835
2076
3738
2032
194
27
3058
2039
2430
1528
2238
1825
644
1302
2113
3159
1844
3212
2603
3181
2125
3655
2575
490
1024
77
3379
3239
1384
3269
72
3318
312
598
2396
3204
2740
2060
1070
3105
1795
2178
1921
1439
2373
1596
340
409
1
3731
1362
1590
3394
1558
1061
1582
899
3726
3375
331
3880
1698
2011
1266
2319
3580
1393
452
742
2955
1257
2528
2685
3594
66
491
3487
1761
1842
1074
2557
682
3903
2318
907
3190
1199
3113
783
3889
3613
3424
3638
2690
1965
2697
73
3543
3074
1462
3967
1888
45
538
2740
2810
2183
2731
2587
814
1762
1544
3535
3194
3869
605
2895
529
2742
292
2507
286
1124
206
3642
142
3718
3362
1102
526
3445
100
2345
402
3745
856
912
535
3290
2857
3040
299
2061
933
3968
2379
1937
3403
3288
2381
257
3656
2912
2622
1677
2077
3803
1550
1708
804
1477
714
3092
2868
266
106
1485
995
1465
1164
674
2667
2840
1663
1817
2448
2969
2564
293
1536
2636
3154
505
923
150
1817
3775
2773
963
9
1193
825
120
275
263
3376
747
2671
1818
3490
1206
1375
2056
2139
905
883
2768
3249
2495
526
320
2468
724
2857
3525
679
1685
3702
1890
2974
2424
3143
1316
2248
3725
2128
1013
3710
2804
137
111
3900
2256
3224
2195
1120
2620
3534
1466
592
1981
1489
1674
3071
3960
25
1549
1458
293
862
2302
0
2115
3249
3110
1689
2765
3337
2598
296
3309
1378
2388
2043
3279
288
3051
865
1529
793
1885
1685
1241
1428
748
858
3519
331
2393
1126
2061
3096
956
3044
1196
1615
2421
20
2560
488
3010
2965
1597
3328
3026
294
1019
1823
2392
808
104
668
2819
1064
2333
3231
2669
2747
2899
1511
2226
1802
86
3885
1603
240
3450
200
2523
3905
1741
1074
3282
3725
3470
1291
1520
3748
3228
3068
419
252
2512
3230
947
753
1391
1307
1301
1067
2362
3668
3103
1862
3080
2693
3196
2061
3895
261
2272
3496
1950
3346
413
2456
582
2636
2486
831
505
2944
2835
3909
315
3688
2070
568
632
208
781
3251
1565
2203
201
706
2763
199
2190
2692
1705
3118
1643
273
2905
1230
2603
1214
590
3563
2124
3454
3995
3122
848
363
3535
3009
1107
1349
1279
3237
1212
3673
1092
2115
1814
294
935
763
545
187
217
458
1732
1668
2407
1870
1861
1159
2541
1103
59
553
1387
187
2403
374
2357
2066
1330
960
3406
2915
3434
2119
2455
1237
592
1306
3939
3498
189
476
1231
801
1523
3209
1264
2395
1394
1627
1645
3424
266
3624
2446
1474
947
110
1429
2562
3131
1521
2091
3441
1792
707
1629
3001
2303
3750
3433
2428
555
429
1939
1500
2817
3913
2364
381
2682
130
1109
1224
770
2883
3951
2768
2664
3611
790
730
791
2177
31
3768
133
1271
1216
3670
1065
2354
383
3096
3346
792
2764
739
2836
3050
1139
1083
3174
516
1228
2796
1322
3874
1525
301
1707
1093
2178
3937
1709
1398
2162
1759
2273
746
3046
3572
2424
3174
2766
1191
1466
3716
3524
2301
2391
2454
3100
1278
1052
809
3835
2039
3722
2862
2567
288
2499
1877
3487
3616
3334
2842
1036
2031
1533
3012
344
1405
2739
3754
2173
689
1324
761
193
1267
3407
3443
768
653
1543
1978
3082
1679
2890
2669
1326
1394
2968
2225
1078
1567
841
2259
3445
880
735
3053
29
694
2723
1895
1974
2941
2062
2591
3980
620
1702
2667
2279
881
3532
3325
1120
508
3635
3144
2290
2730
243
2274
239
2885
1918
2123
3796
585
1906
1261
1951
266
2511
3491
2847
1587
1099
3582
1484
1105
675
2724
2777
81
2485
1564
263
455
2348
392
1563
1393
955
3569
882
3035
1677
1001
3506
643
2107
972
3652
2078
2591
3623
1250
412
3048
446
1003
3370
1615
1544
2718
2358
297
349
517
1976
3613
3539
3024
2926
2008
1061
2150
776
1119
2644
2071
229
3140
3090
2070
3389
2268
700
1253
3488
3567
839
3759
2590
3697
1310
3869
264
1136
906
1283
3894
527
2739
2331
2090
275
2341
116
2005
3291
2902
3531
504
2772
231
603
589
268
2152
400
262
743
1057
3138
309
913
1230
1311
2030
1139
1705
3657
1866
3145
1934
3522
2861
1362
2875
3780
3913
2665
1110
2006
3843
275
883
2043
598
3674
3669
1389
471
473
2036
3754
441
1911
768
2668
2641
2713
2788
3199
379
339
2094
110
1662
1152
1070
1534
2061
1298
1628
2623
1071
426
3710
1184
1473
3915
1962
3618
3226
3852
1352
80
3887
3692
1180
108
2296
1003
2370
2860
754
2102
2906
455
133
2722
3205
234
2536
3132
1840
592
3460
3200
1712
2673
566
2313
2767
2873
696
1480
1990
1819
226
375
1514
647
876
3119
75
2522
2678
313
153
692
1900
194
970
432
100
1234
922
1199
265
381
370
853
60
539
843
1944
3961
693
340
2837
3095
3201
3538
1540
244
1679
3399
527
368
3204
341
575
728
2119
2692
2071
38
1017
2306
741
1958
2186
266
533
2044
1385
3976
1703
3780
1564
1435
3460
2201
528
348
2893
1945
2803
2782
1844
3176
128
533
2094
2676
857
1339
2792
472
1019
3216
1593
2693
1870
1858
2681
2365
1532
2509
336
2433
2436
3716
1873
846
1070
1296
2120
1506
1345
3768
1905
517
2323
1281
1322
1477
3969
823
1163
1890
1663
364
3445
2603
3889
544
424
3240
475
3970
2266
1881
1621
726
1028
3934
3427
3222
1182
440
1667
2077
2605
3408
3848
2465
2875
3318
3750
3392
1448
843
2190
255
2527
3811
2972
1134
588
485
1902
1519
1068
532
2936
1720
1733
434
3317
2295
1047
3171
3328
1301
466
2160
2180
1917
1449
365
3536
1470
2535
2716
1263
3951
3616
2579
1814
2771
3691
443
3550
1500
3791
313
2164
3060
27
146
3278
2937
3066
874
929
3208
934
2222
2385
797
3515
466
1864
1658
79
3261
1130
2470
800
2691
1383
310
2414
2130
1810
1586
331
1297
1361
3281
2575
3237
2038
1830
3600
406
1037
1438
690
1105
2646
3754
859
2223
2773
1658
2825
2293
1927
2154
1479
3612
3384
3713
2365
2323
658
2935
1896
1540
3320
790
42
1940
371
676
322
2606
3724
576
3038
1154
2267
2762
2575
681
3039
1351
285
3692
3375
2373
2365
3558
719
1883
2080
166
3495
1268
3469
1081
2800
173
1714
550
3247
2973
3446
763
1799
3540
2513
2312
2441
3750
3072
1803
943
490
3059
1707
617
1213
3945
2888
2103
2060
1791
402
536
3794
580
2872
833
2653
3343
2500
913
471
1268
1381
36
196
277
1357
3943
3207
1302
3834
3500
1769
2515
3418
2845
92
788
714
2677
3196
2657
3840
3117
3511
371
1386
3188
1326
75
3286
3810
3484
1862
179
2254
278
3952
3126
1437
2643
760
3937
3230
2990
644
3968
2676
681
6
2134
627
115
1999
120
462
3212
227
2007
3599
3464
1516
1699
1961
1043
147
557
234
3700
2859
2061
1940
1364
3024
1254
3853
3359
368
1638
309
2443
2791
3922
1336
3513
2833
1249
3684
410
380
102
2077
1748
1436
1203
1742
740
2050
668
2498
2244
942
2202
2355
1392
1444
2609
898
262
2301
468
1832
2796
575
2534
1228
3030
1103
2531
1942
3944
69
256
131
3960
65
2256
185
1655
2812
3112
2301
1872
2145
420
3938
81
3453
811
324
2186
1524
401
918
787
1173
2715
3160
3411
2449
871
3821
2141
1384
2732
1707
1597
259
447
1907
2964
521
3704
3171
415
267
2420
1066
2270
259
2652
2364
563
2972
677
2662
648
2643
3352
1795
1110
3134
2773
3023
1123
3723
2547
1788
491
3340
971
1411
1027
3504
1941
605
345
342
1202
1234
2591
1917
1835
753
2696
3583
2905
2976
1171
2655
1318
2997
2152
2655
3572
71
33
1495
3165
94
1419
3554
1081
1554
300
3707
70
3602
3078
3560
2437
290
699
2261
2049
1195
531
2915
3989
2893
2172
354
3469
1367
274
1436
2669
2906
1503
3188
3729
1850
1027
847
2868
2310
3191
80
3252
1898
1134
42
789
739
508
3665
197
2130
187
2994
3968
2868
492
35
340
1776
1082
3293
1831
3826
261
3369
2135
3479
1373
1785
482
2313
972
888
935
1966
1209
2372
3595
3900
3721
1818
2400
271
3656
2770
643
637
1225
236
2916
1832
3594
3274
2123
1942
987
2848
728
446
1151
169
3979
1475
2099
1243
3942
549
2639
1757
3951
2517
298
2488
3225
297
3106
1355
485
1360
3260
35
1700
3112
3465
3051
3744
558
3689
2047
1532
3413
1235
2726
1944
666
2357
3265
1849
823
1400
3103
2856
3382
1223
3987
1689
392
2578
2791
1263
86
2510
2129
1341
1463
222
3527
2191
2563
2327
1935
2858
1318
1600
3578
561
3576
1784
2386
2217
1773
2876
2544
3071
712
809
402
2792
3477
3518
2348
808
1142
3909
222
1239
701
1107
999
2560
3196
3725
2488
3627
3833
397
3307
3613
3013
1445
3349
3518
2349
1091
1305
27
1074
2550
3902
749
1975
783
1156
89
2585
3882
1330
2009
2915
463
691
2778
353
659
66
3815
1364
1956
3426
2949
1671
3429
3443
2207
1474
3478
1378
2917
157
1271
3200
1457
1046
1102
3573
3370
2981
2182
2549
3947
1392
2042
3059
2374
2746
466
500
1541
1825
172
839
16
1832
3615
2804
3957
337
2107
3378
69
1231
52
1086
795
1819
2145
1352
3746
1860
1280
3982
566
460
3004
2414
939
2512
2736
1240
909
1095
2189
3682
1095
1199
602
3808
3656
868
3228
1619
3874
2994
534
128
628
3692
689
708
1450
30
2975
3814
3362
2879
3613
1070
434
2602
87
3508
8
1327
3951
251
2066
3525
1088
447
639
1730
3423
107
3556
2958
3075
208
963
3572
3687
787
3241
3257
557
2309
278
3218
613
3193
1346
625
2925
1841
606
3872
1882
2233
2872
3217
2488
952
1922
2324
2990
2243
1941
1289
2597
2516
1329
792
1962
123
2248
1823
337
3507
475
12
316
952
68
1772
2684
3319
2454
1890
278
1317
290
571
10
1172
2810
320
2095
2659
2682
1741
1507
789
934
3266
513
485
1198
3736
2419
3224
1561
3765
3978
1139
288
1891
1514
1101
217
2973
2540
3815
695
1931
1885
3963
751
592
2316
1843
2270
1954
1540
2075
1737
569
982
2265
1348
1514
3163
1659
3127
2486
1495
1777
2525
3646
2433
125
78
986
546
1735
63
1834
1371
3029
3944
2284
1100
1051
2791
3918
3154
1966
3842
1318
1648
319
3090
639
721
1254
3677
2454
3404
284
1668
1126
1640
2637
670
2528
3745
13
3204
1631
3979
3850
270
1274
2071
3394
1629
3515
596
2134
3642
2863
1431
3198
3647
639
733
1759
1236
1150
1647
3002
668
3234
2663
966
304
2936
530
2048
2220
1331
1014
449
2824
2948
1493
2449
3305
1744
2674
794
2905
3294
2195
2080
307
3696
3399
239
1508
2324
809
2740
3310
2299
1285
3216
46
2280
699
1098
3583
524
802
932
2687
3890
1038
720
403
3190
3379
3940
3686
667
140
139
727
348
1175
3837
3412
1698
2883
2930
2977
695
3084
2035
637
2906
1157
2417
3366
692
696
2713
2619
3722
2250
2407
1570
2324
2337
3642
2954
76
2410
2408
3859
2250
3541
3475
3085
2031
2499
3004
1118
224
355
1686
39
3126
2521
3422
936
2899
3072
2985
131
2038
849
2333
2590
2738
1123
2053
3661
1820
21
1919
3023
1411
1770
3383
1878
3748
2931
249
1548
3038
1491
3906
1428
1987
2974
920
2799
399
2562
3484
3647
3166
427
2556
2545
376
2338
3564
1974
464
2933
1559
3601
493
3388
1106
56
3080
1626
3954
148
2871
1602
2047
1195
809
411
3721
1984
2962
2823
1561
345
1704
3520
1290
1344
1839
3140
185
2509
2545
2674
986
580
2515
180
1964
2938
227
3903
2032
1630
885
1593
1237
949
880
602
1719
2661
2084
2069
809
1078
222
3000
2448
2038
542
1714
3698
1563
872
3252
1710
1774
1306
2491
1357
453
126
1260
857
305
1055
160
3916
1977
224
2722
2347
1062
1771
1238
437
2689
1255
3452
1334
1433
3790
2964
3200
3720
221
3012
2940
599
3660
919
3997
2049
1984
296
2965
3318
2014
3487
2604
320
3138
2587
2125
2251
2993
592
1123
2464
3916
562
484
241
773
2355
331
3707
1334
3240
1580
2537
1648
3090
3139
2389
209
3323
590
1876
1977
2783
60
466
1886
1421
37
890
765
3885
3931
2907
212
2660
1825
3239
269
1141
2043
2237
1533
1098
230
1129
1998
1651
584
586
2713
2221
2122
3092
1816
582
2661
1814
1466
1088
1531
3710
760
3892
935
3739
1191
1016
214
3267
942
835
600
1238
3033
3920
113
2594
2095
2273
212
2663
449
582
1650
3069
1220
1374
1327
821
1152
860
3446
3805
1001
3181
2285
1127
3405
3544
203
2764
2574
3206
809
3085
3091
2148
918
1369
602
2886
1679
3701
2032
3406
1422
1048
3299
205
2754
3318
183
649
2783
2336
632
575
2679
457
2607
490
3272
2539
535
3045
791
138
466
397
30
1337
3607
3977
1953
923
3886
1261
2150
2637
1984
1917
486
1122
2536
1775
3006
526
3149
692
2123
3558
1588
3352
597
1159
1617
1703
3978
438
2654
690
2990
3368
3087
1522
81
770
1636
1196
706
3203
2624
2837
2306
800
3225
1431
507
2735
3473
3635
402
3016
2340
425
1978
1865
2658
790
810
1241
351
925
273
1006
1065
2057
2889
3666
409
2129
2889
1250
3853
316
383
3833
3701
2983
606
1389
1803
836
147
3095
1128
485
446
3192
692
2169
2111
2554
2526
1941
2510
2324
2989
3606
2511
3250
3606
2853
2661
884
2030
1500
357
916
2913
2440
1550
1742
2531
2447
536
507
2951
2644
1962
3741
2798
728
176
3298
418
2146
3564
994
2660
1985
3628
75
1057
1105
444
734
2027
3324
1020
1498
2855
451
1748
1882
1634
1181
3751
2715
777
958
3878
480
3481
1915
3686
376
1236
1196
692
3519
2228
1266
1767
1444
1636
1723
1591
3339
909
676
1868
1171
718
3838
1305
730
207
2004
2825
95
1847
1355
2010
3208
60
2666
2793
3141
3386
315
846
2772
2504
3314
3466
3877
3718
493
3613
993
91
1308
2012
3814
2430
3299
2018
2806
467
2909
870
1008
2136
3171
1102
2558
1279
941
33
2928
1086
2903
2370
2920
2341
3783
571
3576
112
302
184
1896
3805
3692
1110
3452
3424
2936
1082
2229
980
2912
3238
566
2356
2382
1289
1993
1931
492
950
2754
3752
1768
2840
1732
789
1050
3011
3491
1897
2981
974
2313
476
2556
128
860
635
2727
2152
415
2204
2822
2129
3256
3956
372
2708
1810
998
1327
3632
3619
3070
3126
3991
1807
3711
52
490
1486
3193
700
2280
3340
575
3956
3811
495
3735
2359
1811
1149
1714
2933
2286
1855
2655
3933
3351
3136
3514
1246
1782
2970
2698
298
488
114
3627
2747
792
2946
3785
1338
1326
2136
2766
1437
2214
1564
3901
3856
36
279
2207
1335
998
818
605
498
3674
2236
1935
3073
2577
240
563
1546
3155
149
3874
121
3477
3399
1728
647
1800
2230
3762
2333
243
2188
2740
3418
35
21
1194
2674
1633
282
3766
601
1829
365
300
1889
809
1772
1026
3776
512
543
3979
2644
2184
1124
1350
3019
2781
3981
2930
1469
1040
7
2436
1885
408
1118
3611
784
103
3902
2067
3260
3359
221
3769
1028
3814
1431
254
2994
3543
3225
751
3350
3098
2850
2947
2254
1815
3814
3222
998
2598
2804
373
737
682
986
3515
3128
864
2247
2171
1825
273
2257
3390
3156
2703
760
1615
2922
1087
1258
3188
294
1715
1288
2784
792
604
520
3014
1022
3453
1116
1904
398
2851
2034
1776
2353
915
637
2711
3826
3972
1299
1796
2423
3438
2520
2750
3150
1986
2235
3108
556
1307
831
164
3249
1013
956
267
2511
2685
2694
188
396
1065
2574
1925
1669
3337
839
2125
2197
317
1003
274
1239
2985
1918
2034
3144
2470
883
2983
2703
3994
3854
1592
2113
138
809
524
384
1454
2971
2818
899
1637
981
607
1307
522
3533
1287
980
103
1856
3696
1338
1161
148
1811
2079
468
3995
867
3865
3671
1182
610
2512
2466
1369
3986
2584
695
130
3657
251
1343
464
2056
3291
638
1689
3341
2390
3049
1179
2055
3946
790
2079
1929
698
2068
3195
3938
1425
316
86
428
3751
2183
1521
739
1153
3425
3268
537
2205
351
1062
1927
365
1933
3184
166
3587
3498
1892
3997
1774
311
3337
3741
3459
3053
2938
2027
1791
911
2592
1598
1772
863
2683
2921
546
437
232
2330
1615
2060
416
1924
601
2430
1885
3610
2531
563
3746
221
398
1174
3226
1334
2689
136
512
551
1932
3289
1633
1566
1160
83
2943
3628
2851
600
3319
341
282
1263
229
2408
3559
2235
3334
561
1662
748
2557
1612
3346
2137
3033
2300
3356
2190
343
1277
766
1057
899
1590
3140
3275
1381
467
3340
1333
1273
145
647
912
574
1626
3360
1994
3827
1107
3292
1949
510
2644
3170
3273
2959
2200
1372
1317
1380
629
1310
2673
526
2894
2342
1103
979
6
613
1363
821
1590
1021
3191
1587
642
842
2900
109
1609
2373
1294
3853
1372
3750
1966
2724
1329
2985
245
946
3383
1300
3599
329
3436
344
3622
788
3629
1526
3193
372
2957
1123
2444
235
3177
174
992
604
2395
3265
838
433
3277
2918
3376
2495
3023
619
2632
3655
2668
265
1380
2877
3450
3521
122
1454
2609
1959
944
317
797
2083
1175
3086
1302
1013
2552
3719
1295
2968
2030
2931
1421
2602
2742
2120
1051
875
132
1259
1499
3523
1336
3186
1599
3496
1745
2921
3800
2816
2208
3033
1166
2436
2815
1542
209
37
1474
1847
1647
3890
14
90
2759
2682
3850
3432
220
1455
1491
1575
13
652
403
1487
356
1463
3636
271
1485
1257
2961
1039
2857
1358
2029
600
1443
488
2664
3059
2754
1848
398
3791
1824
3135
562
1479
2074
2240
3451
1251
1161
2250
989
1692
2160
2325
3562
3877
757
1003
2186
3144
629
1896
105
3791
1203
324
1872
644
1425
3760
2646
442
3810
1887
2519
3756
3358
2983
2149
2534
855
3175
1117
3235
1419
2858
2525
1718
602
2028
180
300
3514
2044
27
2545
2505
835
1090
1873
3203
260
2989
2818
1492
195
3904
2976
3855
2378
2648
2968
287
841
3356
3689
2813
3710
915
3367
355
1334
2552
1442
1281
2897
1706
358
3790
2796
2696
163
3136
1082
3517
1295
1534
2804
1751
1066
85
1459
1246
3
3306
922
2818
153
3759
1241
54
2467
2009
3407
3452
2259
3665
3727
2752
1559
2312
3238
72
1986
1776
1372
1548
1547
3721
248
98
3635
3768
1736
93
1612
2879
1345
3159
632
2408
2147
3724
3024
3907
833
3112
582
2674
1215
931
2540
1218
2523
3148
3957
2876
1680
1795
3611
3420
857
1835
3811
2433
1523
3806
1374
326
2598
2115
3889
1649
2532
3101
3574
3209
146
1542
1764
3052
3911
3708
2828
769
498
3930
677
459
3200
2665
3594
3423
3678
856
1633
2039
379
2697
2463
2856
657
1965
3594
2640
2213
3827
2558
499
3212
60
1300
2280
1776
3475
1248
3119
2803
3739
3193
1285
3763
3496
3966
1339
3086
2673
3126
2819
2664
2470
887
2028
2058
767
939
2511
1804
2165
1712
1482
3382
1300
3743
2573
1410
15
1455
1235
2566
438
538
851
3377
550
2495
663
947
2272
1993
2508
1985
60
719
1754
57
959
797
3126
2402
2378
3603
3445
3800
436
2252
3652
3590
346
1474
2741
2707
3669
2191
924
1154
3788
2550
2011
916
3788
3459
2042
1520
2261
1167
602
3238
1686
488
3851
208
123
400
1565
633
2725
1508
1203
962
410
160
3614
706
1918
2081
2472
3150
3330
1866
2351
3673
60
2891
1397
3388
631
3198
725
441
2475
3315
1560
1596
3984
1870
3368
1539
1198
3407
2724
3584
2776
3666
949
764
3450
3351
736
61
1456
709
540
1386
1081
2410
3750
1581
587
453
2162
3994
1864
1031
325
816
3472
1078
1504
1501
2201
1524
1375
2150
476
1280
962
1639
2609
3898
3691
2455
446
2476
3785
1551
2315
1351
3316
3500
2009
331
1306
2322
467
2603
3256
755
1797
2224
3277
3759
1388
3420
586
1534
1006
1585
2990
1580
1515
3762
3281
2308
3667
2634
1183
3152
2841
1963
743
2719
936
1369
3668
1031
2677
2216
2203
12
3093
803
2037
3042
3728
1102
1295
1711
2485
3533
3488
1396
367
1734
1723
1772
3256
1476
645
2197
749
2782
488
3919
3874
2935
648
2595
502
2502
213
3525
3657
1143
2562
636
1197
3795
1174
832
1499
1374
3264
2149
3911
1055
1968
2103
1205
133
2275
1254
205
3719
1438
1188
1485
3692
2462
204
3422
76
3375
1637
2249
2709
1211
2854
1387
1938
2629
3227
2790
1257
247
1929
1433
3716
3704
3502
1970
2867
225
1612
1922
974
753
3559
594
672
3519
76
3765
3234
1744
2100
1021
3493
233
264
433
1652
1574
2791
799
2329
2252
3846
302
1086
3355
2039
3703
2934
3304
3117
1460
1661
1098
1630
1721
508
274
1449
3938
1489
2112
2074
3053
3854
2995
1227
1481
577
1120
2668
2126
1172
679
3270
2894
53
2850
2428
715
3031
671
1874
3851
2106
1104
2483
3082
1128
3839
2125
1358
3105
2311
3359
2656
985
449
1589
2521
3264
956
2802
3834
3362
1584
2895
3968
1488
1620
3555
3480
3614
142
3012
1743
3853
1675
3532
3052
2827
1679
2623
3521
2489
1838
1163
1535
910
2204
3760
2090
3482
1665
3617
1613
1612
1840
3371
3758
407
3066
182
932
2738
2814
2217
327
2431
2147
1139
1704
1966
3145
2022
2467
2338
3996
1798
1554
3252
2218
2402
3268
1750
3639
641
2381
1466
1742
673
1342
2579
90
476
2936
1596
3510
1131
2108
1047
1665
3534
3271
1272
405
428
3548
2723
58
3288
3041
2931
2806
2741
3214
733
7
3579
1219
1299
1171
3033
345
2988
1567
2012
2747
3139
1566
1489
598
894
3340
3591
910
2770
1820
1432
659
5
1262
2761
3252
2004
933
3952
2866
1846
3095
1237
2903
320
1126
2939
1703
297
3406
3776
87
1456
511
3746
925
2844
3021
357
1480
2084
1797
3954
1778
2224
2658
3522
3602
2591
385
538
1238
490
273
1368
2832
2568
3727
2671
2896
3155
1489
3855
3602
234
3456
3688
3993
2520
2058
2288
764
1205
2168
1634
2655
1099
958
745
2436
2875
2833
3261
1123
2208
2877
3597
408
2452
214
2301
3483
1425
3663
2513
2869
1690
3401
3050
3249
2459
1774
176
3473
654
3582
2672
355
3103
680
3783
1330
3409
605
3904
3393
833
2978
1722
2421
907
3716
621
2034
1420
48
1422
3624
2408
931
2896
1455
716
990
3757
3248
86
574
2757
1253
3155
778
1861
2948
808
846
43
1463
341
2920
649
1360
2006
1408
3751
3963
1900
1501
3662
1299
571
3284
546
217
1492
804
943
1889
3222
2336
903
271
1392
12
2377
2722
2057
587
742
2063
227
1015
224
1105
1885
658
532
2463
376
380
2649
1022
2428
519
2344
2616
507
2279
1982
3660
1845
3340
2079
2407
3165
3572
3837
2708
2204
1212
1625
3695
2132
312
169
1536
1511
1187
3898
805
2040
1016
279
2544
3826
2113
3658
3347
1160
2447
66
1753
3644
3019
117
438
1507
2924
456
3425
360
2762
2572
480
2447
2130
1610
388
220
1530
738
2807
533
470
1552
1618
1446
1900
1648
1652
835
613
259
751
2066
3620
1266
452
201
2267
785
786
2005
92
2951
10
3549
3757
2317
1863
646
415
501
827
3479
2848
3341
1388
31
1295
194
1313
3829
816
1033
3703
928
512
1404
1849
2712
74
1090
1935
1452
1946
2995
3029
2725
3218
697
3855
3018
3387
1657
539
485
2685
2996
1926
2694
370
3273
2659
1958
1368
2269
1817
1646
2181
829
573
2488
1248
3202
640
1845
3725
3350
2985
16
39
2102
3653
403
1109
2936
925
72
2326
2670
1000
1378
2782
811
866
2717
2245
3717
3997
2467
2237
1468
2647
656
1733
1433
1132
2391
2876
1529
941
2374
3255
2988
1008
231
2901
89
1513
744
1778
996
537
92
2842
2066
2886
2051
0
75
75
936
176
2432
1104
329
1441
1199
3805
1435
3503
1765
2506
3502
2631
1219
3066
462
899
3427
3145
1452
857
476
3395
444
2446
548
3446
2655
2385
1141
42
964
3077
2163
592
1834
1789
556
3513
616
3598
2080
2600
2320
3905
67
201
2193
1896
1984
3971
3900
3347
3488
2892
1641
611
2027
124
2906
1886
2125
356
832
3908
2588
3999
1948
1696
3736
1737
2407
3970
756
3919
662
3084
2676
1415
2584
267
3351
1921
705
1769
1815
3741
2188
3008
2829
3038
2396
1265
410
863
579
3221
3427
1061
2662
3283
3611
3957
2880
82
2631
3238
3877
913
3134
2938
394
1045
3376
1001
2467
2146
2184
349
3724
1357
2004
3621
1932
2481
483
3876
918
992
2192
2057
3185
3708
1694
1508
474
3751
35
1879
1000
2103
3402
3626
2448
845
3699
1764
233
3238
2429
822
3186
339
1927
313
2770
3302
1778
3099
3552
782
3883
2581
3173
101
903
1728
3390
3143
3087
3240
1509
2406
1310
1569
1169
2171
2216
2841
3036
542
1021
654
3110
1145
461
3938
152
3161
3598
2699
2858
3271
2524
1999
2729
2326
1567
1807
3731
1852
2163
1730
1636
774
2403
2246
1814
647
1847
1874
355
3057
2608
1807
3631
1159
1264
3559
1763
529
1887
3005
508
721
2699
2528
1477
2517
3119
2938
1666
750
1431
1837
526
1664
2562
832
2470
2714
2536
2581
2119
519
1246
2399
181
1350
1015
2321
3742
2615
1997
2042
3005
1590
1248
1391
1186
12
3933
1705
2194
1668
2083
1361
75
2267
609
1432
2826
3771
2019
2763
240
3401
2095
1478
97
1341
650
3912
207
1361
3456
1992
1686
381
2499
2662
2376
419
3795
2852
3148
486
2335
3413
2626
1279
2474
1846
3402
498
2289
3228
2309
446
491
3022
3707
3572
2129
1332
1726
2217
1664
2735
1486
2255
2108
2187
2015
2848
824
3122
3959
2972
3891
2114
2204
2901
1027
3266
781
232
2360
2864
3438
2830
1178
1469
778
371
1972
893
84
2599
661
313
942
1491
3988
1127
1517
1613
851
348
124
15
3783
3201
352
3300
1014
1347
1916
3428
2273
1870
117
2306
1540
2653
2839
1187
3419
1450
281
2193
1127
1229
2654
3185
3537
1954
285
529
814
1131
739
389
1763
3416
2295
148
1354
3906
1822
2894
3861
224
1119
289
3602
2100
3017
587
271
3173
3764
657
3455
146
2821
625
3485
452
2165
2453
592
2693
499
457
143
1583
936
3086
3303
3688
1116
1327
3674
748
2903
1235
2026
266
809
2259
3350
2772
429
3151
1603
3121
939
1148
2046
3413
3454
672
2401
3186
2165
1696
3028
1072
3932
793
3829
3899
1245
1774
2362
507
2371
1568
2421
1769
3007
2244
3737
2272
3694
2801
1245
210
3641
2745
2462
476
3199
2746
169
3228
1328
3476
472
2561
155
1149
540
2371
3722
403
60
949
1643
3217
732
1688
2770
2469
2305
241
348
545
3155
860
2391
1296
2532
2594
3360
203
3696
3593
3949
2284
1860
2507
2924
2307
2148
170
426
1734
391
1761
824
845
3845
3262
1322
447
3412
2094
1474
2214
1519
3449
3948
2730
2775
495
651
3612
3422
1986
3283
2193
2369
982
1239
2385
309
1750
70
944
3077
713
465
2621
3290
1892
1489
344
1980
2721
1062
2985
695
3279
1441
398
2273
2219
3461
2740
3195
1807
2955
1162
3125
298
2854
1010
3319
2032
3430
24
1789
883
1568
680
2466
978
2924
2682
1183
1392
3088
3697
149
1351
830
772
361
1886
2169
860
3503
1848
3421
2271
586
1615
734
1771
3346
3328
881
391
2295
2664
2346
1430
2948
1008
2118
333
1223
1156
745
3462
3056
2825
905
1141
2167
623
3597
1978
2242
3365
432
1720
231
1100
2762
70
3502
1646
3632
2276
1083
688
3001
3247
3722
1701
3620
3287
859
1605
2137
2128
2159
2557
1293
2216
1075
2408
3785
3608
1949
541
876
62
3796
3306
3568
970
2004
2690
3722
567
3665
2739
181
2012
2875
3706
3889
194
802
3642
3655
1048
1916
330
3216
293
3493
3759
3222
3998
3334
490
3707
2968
1272
2257
3000
575
3242
323
3560
1736
1345
2840
1446
3108
1439
600
371
2517
1094
1485
604
2309
2654
858
3963
789
853
205
380
2130
2214
1714
1474
2767
1213
2825
1355
3726
3482
2107
849
2144
3219
329
3411
3119
1086
2885
3954
377
2030
1892
735
1504
1341
1011
3189
3006
3147
3657
2178
3262
582
2718
2028
1065
426
2426
2609
3230
1930
2992
2894
3270
1871
620
836
1670
2592
457
2520
3477
930
936
2553
1423
1889
126
3847
1835
2320
1037
3985
3850
300
629
1119
1200
1511
3019
1489
2168
900
1163
1063
2946
2909
906
1698
2352
2445
3982
3082
177
906
1
1009
3900
2546
1699
3256
2049
1642
3807
3152
1852
2946
2273
259
3020
1788
1414
1940
3586
110
2195
2627
893
1734
3690
3957
2261
1005
442
722
1653
558
247
2736
2735
504
2153
2801
1546
1410
2280
1480
1502
431
2632
97
2563
2673
657
3585
806
1458
1362
619
414
2768
1558
1252
3229
2504
1591
1656
2506
279
913
1886
1230
60
2842
2233
3341
1409
1776
1985
2999
2074
691
2113
3455
303
3413
3265
3116
2711
2862
2438
3469
3461
2868
1976
3057
2119
3339
1092
151
1483
2553
2754
3427
1220
2812
3833
2803
3213
2463
898
2512
3373
522
618
3207
3836
3353
3035
3770
1509
3056
1085
3603
747
1293
2200
2584
2896
223
3677
2661
3379
2261
1157
2101
3097
2040
1785
418
2192
3517
2899
16
3695
661
1221
2916
1761
231
2936
602
3971
768
855
246
2892
3049
3213
1851
524
2778
587
2458
3895
910
3822
2765
1444
3894
1568
2564
1968
2193
1885
1151
3048
2875
665
1565
1287
2341
3456
339
1787
3750
413
1185
1646
1200
286
3937
868
934
3063
320
1056
2219
230
1970
2955
2974
1495
2433
1655
1828
968
3365
1152
2790
1295
3258
2644
3293
3994
750
820
2378
22
89
1787
3050
3604
1586
2430
2313
1481
2911
2836
1686
3540
1932
1432
1271
2245
1407
1228
766
3707
75
2527
1724
3214
1220
626
2005
238
1106
1110
3027
3243
3752
2650
2750
2103
118
3588
3468
3048
2013
3773
885
897
1444
81
2474
3795
2920
1079
3431
3647
3896
173
230
3199
1025
743
1173
3558
647
1802
234
2468
1781
1523
3766
1166
54
1661
1879
3037
2532
193
1170
3893
960
3520
3968
488
292
2463
2791
2780
21
2963
716
3786
1372
605
1575
999
117
214
3159
1992
3209
3790
568
161
3417
304
2418
1551
188
3914
1971
567
747
1772
2527
2733
2265
1358
1125
2776
72
407
53
2646
2842
538
1297
3132
229
1539
1730
3104
1418
2323
2477
1370
200
3655
1956
295
2891
543
3264
1711
266
1501
623
2538
2097
3531
2795
830
411
3426
811
3051
1605
1896
1437
2667
3966
2681
499
3763
2147
3786
124
1822
2665
2185
759
1804
1371
3944
2339
1031
487
1242
3194
742
2003
3006
2399
1812
1206
2812
1716
2035
3716
590
2705
3836
3049
2113
945
458
249
2331
2383
3000
3814
3774
17
1447
243
1772
258
2980
3881
2477
1030
3785
3784
368
2154
3811
287
302
1657
531
1119
3252
1589
2552
2700
1249
3014
44
1238
2670
2508
2830
615
1710
1083
192
1244
2709
935
3697
1656
2557
924
1404
823
455
51
594
1760
2270
3522
310
575
3074
3123
3175
2578
2147
2040
1442
673
1771
764
456
1074
2689
541
606
2461
3690
3288
531
221
3474
1060
2471
1160
3596
2628
682
1
1430
2519
3202
2731
2272
882
1584
2912
3501
592
404
1538
1626
2727
1775
3633
2047
2366
3018
3102
2675
1086
1589
2559
629
1318
2386
1956
679
3267
1810
1352
3741
159
3103
2891
86
57
3804
3136
2185
3093
3817
3170
1252
3285
3595
2539
3760
3464
427
3496
185
640
1117
2086
2828
2506
451
721
385
3129
1395
127
3962
2276
1046
2408
12
81
2610
2649
2174
1201
330
1256
1455
2637
3171
2473
444
3201
1130
1857
226
40
883
1723
288
823
2501
857
2112
3150
2068
909
1335
2700
2127
2057
2570
3234
2459
3891
1619
3498
1726
604
3301
3993
2048
2386
3660
3570
3022
3987
3831
3452
1569
1125
2329
470
1502
580
590
3882
446
1019
2203
2656
273
2966
2073
2804
2558
1270
850
1961
1390
679
108
2943
2377
2734
70
1795
64
806
1824
357
3372
2220
1216
272
950
761
2033
885
825
3280
2318
1831
2244
3384
1087
2926
1028
1931
1762
3798
3233
3759
3758
552
135
3173
1747
3259
583
1889
1286
11
3871
2137
1851
1514
2711
160
1683
3798
716
1716
2072
3307
1170
374
3973
282
2741
3290
2731
377
2304
2015
2385
1500
3137
2400
2172
2276
204
396
2319
2518
1695
275
244
879
3014
353
1338
2038
384
2159
3265
626
705
3960
2580
94
248
1193
2005
2458
2482
732
383
3010
1024
3078
3463
2084
1687
1839
3588
2222
1623
770
113
1510
622
2341
752
3869
3004
1642
1105
2726
3641
1446
82
899
853
66
1704
32
2176
1552
703
1316
812
1376
1150
2852
2319
2387
1710
1850
2413
494
284
2710
3892
1171
3772
1331
1737
1164
3440
1773
835
329
3145
2545
2774
2764
2124
3252
1234
770
1785
264
1036
661
3400
2444
2525
1791
628
2371
41
1824
2523
712
3555
3315
2502
3008
2190
766
2758
3791
742
1384
3455
655
2976
1648
202
2430
3727
1499
3861
3479
3145
109
3020
2884
2024
2459
1309
2833
2164
3871
2936
2980
2401
3598
534
3563
3956
1222
955
3574
3883
3116
958
935
2110
2580
2280
3110
2400
2273
954
3129
2570
2096
2228
3123
3673
2383
979
2828
3958
1716
570
2066
54
1195
20
2206
2307
46
3800
1769
1146
539
2925
2399
2038
3395
3343
692
524
3678
2578
1462
728
2503
1415
3811
856
676
1885
28
3510
1478
2345
1753
971
402
2600
2687
2498
1950
771
1487
2714
95
3348
3840
2608
194
3016
2575
508
954
3269
1269
2714
1177
77
2522
1324
2338
3299
648
893
1245
2125
291
3208
171
2010
3606
2233
3452
2917
2769
1140
576
2779
2898
117
1819
3097
3552
55
3228
121
1888
2841
1006
3118
1761
2429
3951
1517
2681
3858
3073
110
1014
1652
3039
1170
1037
1202
1042
1767
2583
1039
1893
1257
3452
3309
1077
492
3343
2470
3980
1719
3965
3868
847
850
192
1588
757
2626
2968
2142
3291
212
795
24
3125
1560
203
2770
3176
2415
2056
1396
1846
2153
1000
2143
280
3047
2596
657
3506
2439
1461
3308
291
1761
2174
281
3579
205
2122
3464
2962
3911
1594
3643
2742
3221
567
3524
3812
1671
782
491
1051
2016
3580
564
13
1716
1191
2815
3063
1682
1647
2353
3666
675
2533
3891
1130
1619
2074
3225
654
1167
602
1894
3017
911
2906
1262
3952
3446
2511
2203
3549
3031
2241
2195
827
3161
96
281
1186
3102
3573
2642
804
3360
1947
2795
3240
3261
2063
1273
3672
1812
3173
1760
2198
3183
2076
536
2259
2596
3156
12
194
566
2879
645
3242
3616
1046
454
603
148
3597
568
3042
225
329
40
3328
3315
1104
207
2519
2783
353
2290
421
3614
1477
43
1206
1080
1861
1000
501
1317
702
1969
2819
3792
402
2799
2090
1757
928
202
1684
2316
1751
2739
1463
3453
1830
3076
3507
1494
3351
1668
1407
1570
285
463
1696
2268
1162
2004
2331
236
1925
1440
2317
1969
220
379
1080
960
246
3601
1536
1322
748
532
2071
3908
1113
3839
917
930
1071
605
299
3909
523
459
441
471
523
1307
670
532
382
2778
2000
907
252
1395
2125
740
3383
3733
912
3876
1714
3730
1927
3630
1905
745
227
3020
3344
2182
3058
3278
760
2375
1353
3569
1103
2178
3621
3203
911
3686
404
1702
3641
3038
2127
2643
875
1852
2091
3712
1807
405
463
901
469
2953
3496
2330
164
2310
1530
2117
3340
2541
1081
3922
223
3796
2873
3043
2433
1548
34
2858
765
3174
3880
468
409
593
857
3208
44
2535
3928
2255
2383
1608
1673
2838
2449
1734
3917
2353
1455
2499
1776
226
1667
1399
2305
1562
3644
501
3361
1055
3854
2192
1759
1806
3915
2874
2499
3683
3441
621
1993
2486
229
3534
2288
391
352
2797
306
3708
3305
2705
3863
2122
611
2291
3077
3602
1319
1129
3898
1613
1909
2854
29
2507
2631
2528
272
1560
102
306
3146
2176
2208
2306
68
1012
3417
3908
1138
2925
3169
3136
2964
2352
1927
3377
1773
1490
780
3696
3124
1725
1786
3984
72
3442
2645
3370
937
209
3666
2523
2532
2935
3528
2412
3246
2599
580
1075
1972
1004
1408
215
978
605
182
3929
98
1345
1425
1681
3255
757
805
2773
394
3275
287
897
756
2101
863
1043
2110
3394
1476
3861
20
1223
1545
2369
256
2273
1391
1279
2998
3673
569
1746
2571
3081
1663
84
3243
2718
1981
3710
3083
926
2732
2124
3963
3116
883
1536
32
1673
1886
2341
864
828
1103
2230
255
244
563
1952
1162
1293
1048
997
1137
561
1982
2050
1081
1025
2955
1651
1649
340
1699
3444
1062
1310
151
2666
1266
3988
3900
1219
1754
3534
2047
3932
1656
1293
919
1
3573
3071
667
217
3322
3745
950
1475
1192
964
1367
3515
423
3251
2221
2305
1755
2611
3411
2235
3901
2507
3975
3384
1097
101
2561
2040
499
1749
1762
3947
3071
2489
2474
3703
1776
2849
142
3166
2272
2001
713
1822
1618
2884
1106
1530
2788
2355
942
3640
3144
3958
2343
3404
1109
393
1757
3029
408
1266
3707
2757
2768
738
909
3655
3035
345
2447
219
522
239
489
1925
572
2255
2778
231
872
518
882
2347
3324
3325
548
294
3206
2754
1210
3129
2896
2989
3147
1848
1745
2881
3339
3568
1217
497
1602
3108
3341
3653
2814
2008
971
2941
1132
2897
1456
2484
2597
1884
2656
1384
2981
3822
2309
3864
1890
1708
130
3087
3322
620
3818
1088
3597
1306
1100
3058
3116
1823
1169
3933
274
1086
1162
468
2450
3072
259
3046
848
915
2940
3935
276
2669
3609
2580
3227
3735
2327
286
2480
2920
3073
3238
2907
1262
3043
3106
280
2036
415
3102
2379
544
2302
2462
3250
2907
3433
866
91
1399
3864
266
2679
267
2730
2396
3278
3938
3125
36
1717
1812
800
315
189
500
527
3210
1997
172
222
592
2034
1061
209
3265
2901
2379
171
17
942
3664
1469
2994
3447
3727
2336
2682
99
1716
3751
3111
1904
3577
558
2247
3290
1843
1687
2963
3410
3566
2006
2779
143
918
1514
2247
1315
1304
1167
2748
3248
3335
1682
3453
1148
1378
1828
2516
2370
2997
2546
1777
1226
2175
3412
2066
988
2484
1475
3747
2512
772
1616
3143
2697
3227
1810
2103
2179
1321
1088
2409
1482
3172
2783
3541
429
300
573
84
466
79
3744
1321
2411
2317
2392
2212
2985
1215
1500
3203
1839
3091
3475
572
458
699
1200
249
31
2214
3331
2530
3812
462
173
1408
1716
1716
212
2208
3229
2087
3160
55
3035
396
2500
3301
1450
123
2952
3996
1239
1509
2439
2594
2040
2110
3980
3124
1949
216
34
3278
102
2862
1603
1000
3511
3138
2352
1122
2889
2216
34
2083
2914
2788
544
1053
2407
3664
1682
1813
336
226
2868
2913
60
2605
1262
3730
2790
3847
2372
1460
376
3627
1481
1748
863
3455
2105
1
607
3256
3655
532
711
1084
531
2132
3879
1127
351
2133
833
3890
1859
3105
1758
624
3583
3322
258
3002
3953
830
3586
846
1800
1643
1364
307
3319
3588
2470
1599
1965
788
403
1788
3205
1075
2516
2632
1049
2694
2515
2363
2779
2155
837
974
294
3412
3065
2330
1426
2707
3147
3134
1671
3703
1917
2085
3347
341
1032
1702
3263
491
1743
2157
3582
1056
2964
3130
679
2255
2638
264
965
453
2395
1296
2636
3304
2002
462
3406
891
3868
548
2094
1663
740
3326
276
2587
1003
1621
2498
607
1024
1431
3879
3428
3728
2406
2801
600
3610
1119
487
3033
1990
3294
2967
3326
1942
2175
3245
286
253
3368
422
1355
591
1317
1699
62
3256
243
1440
825
1393
993
1351
1416
1776
1843
3328
2537
2079
2441
3691
3565
879
2271
2001
63
2766
3765
3800
2436
2966
2545
2357
3331
1543
259
2406
3142
3127
521
3744
3393
2537
1748
1222
3186
3772
2890
2523
2666
4
1421
121
1131
2174
3131
3106
657
1664
1207
662
3829
1134
328
262
2703
980
639
3463
2843
3344
3774
2187
2815
3919
279
1452
2476
3771
1362
3306
3075
2195
2003
2359
217
987
2843
3696
3741
1908
1229
3695
3289
47
3796
1310
2071
830
1858
206
3590
1099
155
1896
2620
3084
2387
1506
1501
1526
1908
182
3644
466
3813
2191
1185
1357
3975
613
972
84
705
1964
2584
1151
2398
103
2595
3564
3764
3169
3981
1743
648
2655
3358
1352
3087
1584
1581
2486
3704
774
2045
3178
1225
905
2570
1182
1158
3817
2564
3782
24
2035
891
1127
877
2824
923
967
188
3626
1721
3558
300
3832
2607
3659
2612
2620
1443
257
2597
1826
3438
2306
3527
2059
2780
3892
161
2850
1455
2675
3261
3983
488
3279
2346
777
264
2904
2947
3121
690
3286
527
1148
2965
413
2410
3056
457
1375
964
1971
2776
1604
1992
1183
1630
2008
511
378
1139
515
3701
613
1832
2143
2748
1619
3312
2245
2768
3932
641
1063
2810
978
58
2405
2840
2835
166
2074
2780
192
33
3830
339
1772
1114
2514
873
952
2138
62
619
1471
2020
2110
1324
429
1788
2710
3596
309
268
1187
2229
2050
3301
2668
551
1870
1986
3512
854
3825
211
129
1042
1595
3095
2857
1511
2245
1995
2156
197
1604
3554
341
450
1567
2741
565
894
1539
605
721
1927
213
1597
1082
2334
807
741
3010
2361
1326
1332
3885
1482
3923
2078
3111
2752
2280
1741
948
139
28
2348
620
3333
2354
3937
616
271
111
2394
1048
185
3666
1644
2071
966
3336
3895
3584
1006
3808
1678
2562
1029
3996
1973
1810
988
3433
202
3136
1063
3568
1417
427
478
2157
170
216
2086
1248
2253
3553
1042
1729
2393
2603
3974
3577
321
410
1629
1198
2087
1704
3499
1791
101
1651
2980
2736
3529
3958
1566
3943
1952
2170
756
2232
23
2797
1613
1214
669
1780
1211
2379
2124
189
263
1921
3529
3896
1133
2081
2121
1862
2692
3554
2422
3794
320
806
3058
734
1466
682
91
417
1872
1724
1871
335
2409
3473
306
2969
2396
407
1069
3190
3025
264
440
2305
2023
2623
1435
1670
86
2735
304
3254
663
146
1453
2562
1027
1279
769
199
3130
3360
2812
1350
2180
226
1236
1751
3740
3725
2788
2975
1131
3702
150
3903
2866
1650
869
302
3148
590
988
585
2034
381
1634
617
1729
3504
2170
2709
2360
524
2501
441
614
3480
170
3224
612
3670
2329
1757
669
1140
1324
3576
3063
1570
2126
3782
556
806
1888
657
2521
3949
313
3386
1498
325
46
2067
1301
1417
1618
3986
1846
2907
1694
642
1819
1625
532
763
177
3913
2336
1909
1149
2678
864
3608
1438
575
1062
1879
1043
2252
2459
1598
249
2212
1861
2089
1751
894
1867
1207
1533
2452
1335
1726
1929
1630
2493
3296
3404
1629
2972
1949
2189
854
3298
2891
3372
2593
1204
2979
2120
3970
1294
2365
2340
1911
1415
3519
1575
2931
440
3569
3939
330
1726
820
2648
77
3869
1971
89
3864
2119
1370
2382
3402
668
2054
2683
2293
3188
3453
3873
437
1371
575
1348
3366
988
2492
1004
3856
2625
1383
2383
1190
3673
2731
1742
15
3802
1949
2878
3235
72
306
3689
443
471
530
1846
1378
2989
2956
2950
111
1963
3659
3296
791
3660
2377
335
350
2894
3043
1097
718
1393
1197
1043
1771
2462
1702
3939
2790
73
590
1510
3983
3993
3831
3618
3984
2759
3770
670
3800
132
3595
193
372
1760
1166
695
2980
3815
2411
2298
2572
206
2880
752
3402
1807
246
3121
3847
2929
2678
236
2385
779
2781
906
520
2057
173
114
2198
2736
3205
494
3332
414
851
813
3434
2677
1736
3114
679
3609
141
2669
3474
823
1141
720
2000
2696
2258
164
2662
1397
747
2132
3665
1085
2606
1961
2355
117
322
1104
560
1999
2816
249
1753
94
3042
960
168
1272
3964
3889
1517
2748
2794
2247
3272
2230
2409
117
3416
2976
2411
2632
2067
3914
900
2796
438
1181
3626
142
3518
2460
3836
162
632
171
129
165
438
1973
1332
3109
2339
616
2622
735
3960
3331
1445
2056
366
594
995
3727
3574
1560
889
3427
968
2319
804
2481
2105
3915
3920
1776
816
3269
2413
1504
1625
662
2623
3856
3706
2946
121
1823
1862
1975
3532
4
2353
1429
3804
3953
611
143
1491
2101
3120
1714
2394
3905
486
2662
5
3916
2471
1075
2317
506
602
165
2371
27
668
2353
3331
208
3516
2010
839
818
2568
143
381
2293
3265
3959
3164
2826
886
2576
2706
645
2799
2100
1184
1470
2119
764
1578
379
3743
1480
2345
45
2929
639
1604
3961
194
2388
158
186
1627
426
656
3716
665
1945
3450
748
3682
1136
1365
1221
219
3804
1484
3694
1400
1770
12
2314
1395
2249
3705
239
2079
2931
1603
2211
3135
2541
3513
163
2194
2989
2331
101
2674
443
2357
2304
3741
3418
75
3531
1586
1992
624
3138
1536
2851
443
3952
2171
3983
1307
3464
528
3381
1769
1461
2619
238
3551
2101
1590
2335
2888
2081
3892
1670
2359
1073
3950
2166
3548
988
317
3519
2483
3493
3177
721
3775
3380
2657
3906
2167
2945
876
397
2622
2969
126
189
153
954
1486
458
2653
736
2887
2787
3783
1156
2782
684
2575
1923
259
1417
1406
509
2554
187
991
671
1708
810
3764
3970
3001
1411
1994
436
177
2979
3823
1271
1443
1909
1731
1129
1268
56
2956
1796
595
68
493
2182
300
590
2361
1234
1020
777
2852
1112
1380
1199
2971
1426
2209
2880
725
1552
1723
1065
1065
3671
603
3496
1537
4
3842
3919
367
2295
3639
902
3487
3757
1761
3350
1548
621
278
579
1430
1672
2770
2681
2356
3802
2155
3050
3271
1685
3524
2613
1007
2368
0
3051
33
2555
921
1454
3128
2021
210
795
3978
161
1001
649
3327
918
688
1937
1341
534
1405
2576
2183
3649
3616
426
1863
1418
2005
2897
1704
410
2554
3430
2025
1491
1090
3615
3887
2711
2026
3913
1241
586
3116
847
985
1204
1426
3451
3745
3403
621
3004
2876
2352
3718
1769
1278
3320
2164
2596
446
2446
1231
513
3330
439
900
297
3611
2933
2697
1145
3091
3439
1939
1712
739
2928
1861
1513
1418
591
3723
3333
1786
2895
1480
1165
3604
2407
3436
3798
1143
1188
1961
2436
308
236
103
2035
3269
2086
1110
3476
1887
3577
36
885
1733
2834
2640
3076
1375
3465
1214
1268
1194
1861
1035
2655
241
2910
3522
1230
1404
2179
3951
664
1703
2941
